0.004975124378109453 0.11442786069651742 0.8805970149253731 
0.088 0.552 0.36 
0.726775956284153 0.00546448087431694 0.2677595628415301 
0.30666666666666664 0.6 0.09333333333333334 
0.00425531914893617 0.6340425531914894 0.3617021276595745 
0.008547008547008548 0.008547008547008548 0.9829059829059829 
0.03867403314917127 0.6685082872928176 0.292817679558011 
0.3445378151260504 0.5126050420168067 0.14285714285714285 
0.009584664536741214 0.3226837060702875 0.6677316293929713 
0.021834061135371178 0.5720524017467249 0.40611353711790393 
0.10734463276836158 0.1977401129943503 0.6949152542372882 
0.0037174721189591076 0.5390334572490706 0.45724907063197023 
0.007194244604316547 0.4676258992805755 0.5251798561151079 
0.004878048780487805 0.7853658536585366 0.2097560975609756 
0.9789473684210527 0.010526315789473684 0.010526315789473684 
0.04918032786885246 0.453551912568306 0.4972677595628415 
0.1943127962085308 0.07109004739336493 0.7345971563981043 
0.167420814479638 0.2579185520361991 0.5746606334841629 
0.09090909090909091 0.18787878787878787 0.7212121212121212 
0.8646616541353384 0.022556390977443608 0.11278195488721804 
0.26907630522088355 0.1566265060240964 0.5742971887550201 
0.0707070707070707 0.010101010101010102 0.9191919191919192 
0.3224043715846995 0.6174863387978142 0.060109289617486336 
0.2627450980392157 0.3176470588235294 0.4196078431372549 
0.6377952755905512 0.3543307086614173 0.007874015748031496 
0.006993006993006993 0.1888111888111888 0.8041958041958042 
0.6589861751152074 0.33640552995391704 0.004608294930875576 
0.4188679245283019 0.4641509433962264 0.1169811320754717 
0.034482758620689655 0.034482758620689655 0.9310344827586207 
0.4847457627118644 0.45084745762711864 0.06440677966101695 
0.10559006211180125 0.8757763975155279 0.018633540372670808 
0.15270935960591134 0.7536945812807881 0.09359605911330049 
0.9751552795031055 0.018633540372670808 0.006211180124223602 
0.22627737226277372 0.15328467153284672 0.6204379562043796 
0.004016064257028112 0.30120481927710846 0.6947791164658634 
0.7309417040358744 0.15695067264573992 0.11210762331838565 
0.23699421965317918 0.43352601156069365 0.32947976878612717 
0.798941798941799 0.18518518518518517 0.015873015873015872 
0.04827586206896552 0.3793103448275862 0.5724137931034483 
0.26903553299492383 0.7258883248730964 0.005076142131979695 
0.0037174721189591076 0.7472118959107806 0.24907063197026022 
0.6862745098039216 0.30718954248366015 0.006535947712418301 
0.004405286343612335 0.5154185022026432 0.4801762114537445 
0.009174311926605505 0.5045871559633027 0.48623853211009177 
0.02109704641350211 0.9746835443037974 0.004219409282700422 
0.00558659217877095 0.5642458100558659 0.4301675977653631 
0.514018691588785 0.34579439252336447 0.14018691588785046 
0.383399209486166 0.5731225296442688 0.043478260869565216 
0.24102564102564103 0.21025641025641026 0.5487179487179488 
0.6199095022624435 0.09502262443438914 0.2850678733031674 
0.6054421768707483 0.36961451247165533 0.024943310657596373 
0.007874015748031496 0.3543307086614173 0.6377952755905512 
0.9754601226993865 0.018404907975460124 0.006134969325153374 
0.2781954887218045 0.7142857142857143 0.007518796992481203 
0.0176678445229682 0.6819787985865724 0.3003533568904594 
0.08366533864541832 0.7768924302788844 0.1394422310756972 
0.8290598290598291 0.1623931623931624 0.008547008547008548 
0.5483870967741935 0.059907834101382486 0.391705069124424 
0.015384615384615385 0.8769230769230769 0.1076923076923077 
0.2066115702479339 0.008264462809917356 0.7851239669421488 
0.8916256157635468 0.09359605911330049 0.014778325123152709 
0.15302491103202848 0.594306049822064 0.2526690391459075 
0.6767676767676768 0.31313131313131315 0.010101010101010102 
0.02040816326530612 0.5918367346938775 0.3877551020408163 
0.2017167381974249 0.5450643776824035 0.2532188841201717 
0.044534412955465584 0.8947368421052632 0.06072874493927125 
0.07169811320754717 0.7433962264150943 0.18490566037735848 
0.3959731543624161 0.5302013422818792 0.0738255033557047 
0.06329113924050633 0.3755274261603376 0.5611814345991561 
0.7037037037037037 0.2839506172839506 0.012345679012345678 
0.8735177865612648 0.1225296442687747 0.003952569169960474 
0.013953488372093023 0.6093023255813953 0.3767441860465116 
0.7142857142857143 0.21804511278195488 0.06766917293233082 
0.014492753623188406 0.10144927536231885 0.8840579710144928 
0.05785123966942149 0.008264462809917356 0.9338842975206612 
0.10112359550561797 0.12359550561797752 0.7752808988764045 
0.03225806451612903 0.004608294930875576 0.9631336405529954 
0.2 0.2 0.6 
0.6942675159235668 0.29936305732484075 0.006369426751592357 
0.4530612244897959 0.5428571428571428 0.004081632653061225 
0.2 0.2 0.6 
0.014492753623188406 0.40096618357487923 0.5845410628019324 
0.16151202749140894 0.8350515463917526 0.003436426116838488 
0.06329113924050633 0.9240506329113924 0.012658227848101266 
0.9605911330049262 0.034482758620689655 0.0049261083743842365 
0.08021390374331551 0.44385026737967914 0.47593582887700536 
0.004405286343612335 0.4713656387665198 0.5242290748898678 
0.008849557522123894 0.5929203539823009 0.39823008849557523 
0.17412935323383086 0.7611940298507462 0.06467661691542288 
0.898989898989899 0.09090909090909091 0.010101010101010102 
0.2753623188405797 0.5072463768115942 0.21739130434782608 
0.0049261083743842365 0.3793103448275862 0.6157635467980296 
0.7806451612903226 0.2129032258064516 0.0064516129032258064 
0.006622516556291391 0.8145695364238411 0.17880794701986755 
0.026737967914438502 0.48663101604278075 0.48663101604278075 
0.04390243902439024 0.3073170731707317 0.6487804878048781 
0.008547008547008548 0.1111111111111111 0.8803418803418803 
0.4049586776859504 0.008264462809917356 0.5867768595041323 
0.27710843373493976 0.20481927710843373 0.5180722891566265 
0.23699421965317918 0.2832369942196532 0.4797687861271676 
0.09090909090909091 0.01818181818181818 0.8909090909090909 
0.011235955056179775 0.550561797752809 0.43820224719101125 
0.9927272727272727 0.0036363636363636364 0.0036363636363636364 
0.16939890710382513 0.48633879781420764 0.3442622950819672 
0.9862068965517241 0.006896551724137931 0.006896551724137931 
0.889763779527559 0.08661417322834646 0.023622047244094488 
0.06930693069306931 0.18811881188118812 0.7425742574257426 
0.06513409961685823 0.2950191570881226 0.6398467432950191 
0.6876574307304786 0.2141057934508816 0.0982367758186398 
0.8881118881118881 0.1048951048951049 0.006993006993006993 
0.8918918918918919 0.10270270270270271 0.005405405405405406 
0.16205533596837945 0.8260869565217391 0.011857707509881422 
0.017543859649122806 0.8596491228070176 0.12280701754385964 
0.8339350180505415 0.018050541516245487 0.148014440433213 
0.07692307692307693 0.4017094017094017 0.5213675213675214 
0.04225352112676056 0.8028169014084507 0.15492957746478872 
0.18248175182481752 0.5036496350364964 0.31386861313868614 
0.9899497487437185 0.005025125628140704 0.005025125628140704 
0.8490566037735849 0.08176100628930817 0.06918238993710692 
0.07964601769911504 0.5752212389380531 0.34513274336283184 
0.030303030303030304 0.6565656565656566 0.31313131313131315 
0.005649717514124294 0.536723163841808 0.4576271186440678 
0.03546099290780142 0.40425531914893614 0.5602836879432624 
0.8538205980066446 0.12292358803986711 0.023255813953488372 
0.046357615894039736 0.33774834437086093 0.6158940397350994 
0.8402555910543131 0.03514376996805112 0.12460063897763578 
0.04265402843601896 0.5924170616113744 0.36492890995260663 
0.053497942386831275 0.00411522633744856 0.9423868312757202 
0.9352226720647774 0.03643724696356275 0.02834008097165992 
0.008902077151335312 0.7566765578635015 0.2344213649851632 
0.47305389221556887 0.40119760479041916 0.12574850299401197 
0.6649214659685864 0.04712041884816754 0.2879581151832461 
0.8383838383838383 0.15824915824915825 0.003367003367003367 
0.005714285714285714 0.9885714285714285 0.005714285714285714 
0.984251968503937 0.007874015748031496 0.007874015748031496 
0.10476190476190476 0.29523809523809524 0.6 
0.003436426116838488 0.14776632302405499 0.8487972508591065 
0.022222222222222223 0.7333333333333333 0.24444444444444444 
0.8461538461538461 0.005917159763313609 0.14792899408284024 
0.2163265306122449 0.1673469387755102 0.6163265306122448 
0.6916299559471366 0.2687224669603524 0.039647577092511016 
0.004291845493562232 0.8626609442060086 0.13304721030042918 
0.9779005524861878 0.016574585635359115 0.0055248618784530384 
0.00546448087431694 0.9453551912568307 0.04918032786885246 
0.5169082125603864 0.36231884057971014 0.12077294685990338 
0.5099337748344371 0.006622516556291391 0.48344370860927155 
0.9371069182389937 0.0440251572327044 0.018867924528301886 
0.8053097345132744 0.04424778761061947 0.1504424778761062 
0.07011070110701106 0.7859778597785978 0.14391143911439114 
0.030303030303030304 0.8545454545454545 0.11515151515151516 
0.23389830508474577 0.0576271186440678 0.7084745762711865 
0.8127340823970037 0.10112359550561797 0.08614232209737828 
0.04504504504504504 0.36936936936936937 0.5855855855855856 
0.9574468085106383 0.03829787234042553 0.00425531914893617 
0.017064846416382253 0.4334470989761092 0.5494880546075085 
0.2 0.2 0.6 
0.4845360824742268 0.09278350515463918 0.422680412371134 
0.6606060606060606 0.006060606060606061 0.3333333333333333 
0.20141342756183744 0.19434628975265017 0.6042402826855123 
0.9776536312849162 0.00558659217877095 0.01675977653631285 
0.1341991341991342 0.021645021645021644 0.8441558441558441 
0.9148936170212766 0.00425531914893617 0.08085106382978724 
0.6853932584269663 0.30337078651685395 0.011235955056179775 
0.02097902097902098 0.5804195804195804 0.3986013986013986 
0.017964071856287425 0.2934131736526946 0.688622754491018 
0.6581818181818182 0.33090909090909093 0.01090909090909091 
0.22424242424242424 0.2606060606060606 0.5151515151515151 
0.28078817733990147 0.07389162561576355 0.645320197044335 
0.2342007434944238 0.6951672862453532 0.07063197026022305 
0.0051813471502590676 0.18134715025906736 0.8134715025906736 
0.5629139072847682 0.0728476821192053 0.36423841059602646 
0.10047846889952153 0.645933014354067 0.2535885167464115 
0.06930693069306931 0.06930693069306931 0.8613861386138614 
0.8431372549019608 0.0457516339869281 0.1111111111111111 
0.0196078431372549 0.9607843137254902 0.0196078431372549 
0.5287009063444109 0.2990936555891239 0.17220543806646527 
0.7404580152671756 0.22137404580152673 0.03816793893129771 
0.3825503355704698 0.020134228187919462 0.5973154362416108 
0.8303030303030303 0.15151515151515152 0.01818181818181818 
0.07917888563049853 0.3196480938416422 0.6011730205278593 
0.1111111111111111 0.4789272030651341 0.4099616858237548 
0.19313304721030042 0.6995708154506438 0.1072961373390558 
0.02824858757062147 0.24293785310734464 0.7288135593220338 
0.005649717514124294 0.1751412429378531 0.8192090395480226 
0.8666666666666667 0.09743589743589744 0.035897435897435895 
0.34763948497854075 0.09871244635193133 0.5536480686695279 
0.9338842975206612 0.05785123966942149 0.008264462809917356 
0.7602996254681648 0.23595505617977527 0.003745318352059925 
0.041916167664670656 0.005988023952095809 0.9520958083832335 
0.0055248618784530384 0.14917127071823205 0.8453038674033149 
0.03225806451612903 0.17050691244239632 0.7972350230414746 
0.5254237288135594 0.4033898305084746 0.0711864406779661 
0.8918918918918919 0.0918918918918919 0.016216216216216217 
0.02158273381294964 0.007194244604316547 0.9712230215827338 
0.033112582781456956 0.019867549668874173 0.9470198675496688 
0.6348547717842323 0.31950207468879666 0.04564315352697095 
0.0038314176245210726 0.9386973180076629 0.05747126436781609 
0.8431372549019608 0.058823529411764705 0.09803921568627451 
0.07317073170731707 0.12195121951219512 0.8048780487804879 
0.030303030303030304 0.04242424242424243 0.9272727272727272 
0.36774193548387096 0.25161290322580643 0.38064516129032255 
0.5177304964539007 0.4326241134751773 0.04964539007092199 
0.3944954128440367 0.3394495412844037 0.26605504587155965 
0.008547008547008548 0.1111111111111111 0.8803418803418803 
0.8728323699421965 0.12138728323699421 0.005780346820809248 
0.7777777777777778 0.12418300653594772 0.09803921568627451 
0.09734513274336283 0.8289085545722714 0.07374631268436578 
0.01098901098901099 0.5897435897435898 0.3992673992673993 
0.8893280632411067 0.07509881422924901 0.03557312252964427 
0.08496732026143791 0.37254901960784315 0.5424836601307189 
0.12027491408934708 0.7869415807560137 0.09278350515463918 
0.36 0.6355555555555555 0.0044444444444444444 
0.006369426751592357 0.8471337579617835 0.1464968152866242 
0.009708737864077669 0.883495145631068 0.10679611650485436 
0.016042780748663103 0.22994652406417113 0.7540106951871658 
0.1092436974789916 0.008403361344537815 0.8823529411764706 
0.0421455938697318 0.5708812260536399 0.38697318007662834 
0.29577464788732394 0.23943661971830985 0.4647887323943662 
0.2694610778443114 0.07784431137724551 0.6526946107784432 
0.914396887159533 0.07392996108949416 0.011673151750972763 
0.04424778761061947 0.13274336283185842 0.8230088495575221 
0.9259259259259259 0.06172839506172839 0.012345679012345678 
0.9627329192546584 0.006211180124223602 0.031055900621118012 
0.574468085106383 0.37872340425531914 0.04680851063829787 
0.8871794871794871 0.09743589743589744 0.015384615384615385 
0.6730038022813688 0.07984790874524715 0.24714828897338403 
0.33858267716535434 0.18110236220472442 0.48031496062992124 
0.44954128440366975 0.13761467889908258 0.41284403669724773 
0.04242424242424243 0.3939393939393939 0.5636363636363636 
0.008695652173913044 0.4260869565217391 0.5652173913043478 
0.7746478873239436 0.09859154929577464 0.1267605633802817 
0.059233449477351915 0.3310104529616725 0.6097560975609756 
0.21481481481481482 0.7777777777777778 0.007407407407407408 
0.7709923664122137 0.1297709923664122 0.09923664122137404 
0.38461538461538464 0.015384615384615385 0.6 
0.0038910505836575876 0.3540856031128405 0.642023346303502 
0.23646723646723647 0.698005698005698 0.06552706552706553 
0.05660377358490566 0.1320754716981132 0.8113207547169812 
0.9874213836477987 0.006289308176100629 0.006289308176100629 
0.005076142131979695 0.13705583756345177 0.8578680203045685 
0.22869955156950672 0.4618834080717489 0.3094170403587444 
0.02304147465437788 0.1889400921658986 0.7880184331797235 
0.3469387755102041 0.061224489795918366 0.5918367346938775 
0.26881720430107525 0.07526881720430108 0.6559139784946236 
0.028037383177570093 0.6635514018691588 0.308411214953271 
0.004739336492890996 0.9620853080568721 0.03317535545023697 
0.7877551020408163 0.06938775510204082 0.14285714285714285 
0.17180616740088106 0.5066079295154186 0.32158590308370044 
0.004405286343612335 0.4977973568281938 0.4977973568281938 
0.5117370892018779 0.47417840375586856 0.014084507042253521 
0.008849557522123894 0.30973451327433627 0.6814159292035398 
0.7366255144032922 0.25925925925925924 0.00411522633744856 
0.7725118483412322 0.004739336492890996 0.22274881516587677 
0.3812154696132597 0.016574585635359115 0.6022099447513812 
0.9701492537313433 0.014925373134328358 0.014925373134328358 
0.2420091324200913 0.3698630136986301 0.3881278538812785 
0.009900990099009901 0.2079207920792079 0.7821782178217822 
0.22448979591836735 0.22448979591836735 0.5510204081632653 
0.02145922746781116 0.22746781115879827 0.7510729613733905 
0.2 0.2 0.6 
0.8248175182481752 0.021897810218978103 0.15328467153284672 
0.12562814070351758 0.41708542713567837 0.457286432160804 
0.9243986254295533 0.037800687285223365 0.037800687285223365 
0.04072398190045249 0.502262443438914 0.45701357466063347 
0.9272727272727272 0.030303030303030304 0.04242424242424243 
0.45539906103286387 0.4835680751173709 0.06103286384976526 
0.0044444444444444444 0.2 0.7955555555555556 
0.9113300492610837 0.034482758620689655 0.054187192118226604 
0.2549019607843137 0.0718954248366013 0.673202614379085 
0.10204081632653061 0.7306122448979592 0.1673469387755102 
0.08256880733944955 0.908256880733945 0.009174311926605505 
0.0038314176245210726 0.4099616858237548 0.5862068965517241 
0.029239766081871343 0.005847953216374269 0.9649122807017544 
0.023696682464454975 0.2796208530805687 0.6966824644549763 
0.6254980079681275 0.250996015936255 0.12350597609561753 
0.23943661971830985 0.014084507042253521 0.7464788732394366 
0.7043478260869566 0.043478260869565216 0.25217391304347825 
0.039301310043668124 0.2838427947598253 0.6768558951965066 
0.76 0.013333333333333334 0.22666666666666666 
0.9323076923076923 0.009230769230769232 0.05846153846153846 
0.671957671957672 0.2698412698412698 0.0582010582010582 
0.010380622837370242 0.24567474048442905 0.7439446366782007 
0.23545706371191136 0.667590027700831 0.09695290858725762 
0.6257309941520468 0.2631578947368421 0.1111111111111111 
0.8291457286432161 0.1658291457286432 0.005025125628140704 
0.41422594142259417 0.012552301255230125 0.5732217573221757 
0.29523809523809524 0.14285714285714285 0.5619047619047619 
0.051094890510948905 0.1386861313868613 0.8102189781021898 
0.8994413407821229 0.061452513966480445 0.03910614525139665 
0.14619883040935672 0.12280701754385964 0.7309941520467836 
0.45454545454545453 0.043478260869565216 0.5019762845849802 
0.2 0.2 0.6 
0.8838709677419355 0.07096774193548387 0.04516129032258064 
0.5719844357976653 0.39299610894941633 0.03501945525291829 
0.006211180124223602 0.15527950310559005 0.8385093167701864 
0.9327731092436975 0.058823529411764705 0.008403361344537815 
0.12432432432432433 0.21081081081081082 0.6648648648648648 
0.033112582781456956 0.152317880794702 0.8145695364238411 
0.07901907356948229 0.25340599455040874 0.667574931880109 
0.16546762589928057 0.20863309352517986 0.6258992805755396 
0.7948717948717948 0.19658119658119658 0.008547008547008548 
0.5865921787709497 0.329608938547486 0.08379888268156424 
0.01098901098901099 0.2087912087912088 0.7802197802197802 
0.688622754491018 0.11377245508982035 0.19760479041916168 
0.03825136612021858 0.22404371584699453 0.7377049180327869 
0.005988023952095809 0.48502994011976047 0.5089820359281437 
0.06513409961685823 0.2950191570881226 0.6398467432950191 
0.2192513368983957 0.34759358288770054 0.43315508021390375 
0.5854922279792746 0.37823834196891193 0.03626943005181347 
0.5421686746987951 0.39759036144578314 0.060240963855421686 
0.18095238095238095 0.08571428571428572 0.7333333333333333 
0.004524886877828055 0.5203619909502263 0.4751131221719457 
0.9085714285714286 0.02857142857142857 0.06285714285714286 
0.03482587064676617 0.5422885572139303 0.4228855721393035 
0.004405286343612335 0.4713656387665198 0.5242290748898678 
0.8169491525423729 0.09152542372881356 0.09152542372881356 
0.05527638190954774 0.07537688442211055 0.8693467336683417 
0.13286713286713286 0.8461538461538461 0.02097902097902098 
0.8260869565217391 0.16521739130434782 0.008695652173913044 
0.024 0.296 0.68 
0.5238095238095238 0.11355311355311355 0.3626373626373626 
0.061224489795918366 0.6870748299319728 0.25170068027210885 
0.2483221476510067 0.6644295302013423 0.087248322147651 
0.009009009009009009 0.5675675675675675 0.42342342342342343 
0.1583710407239819 0.20361990950226244 0.6380090497737556 
0.012048192771084338 0.27710843373493976 0.7108433734939759 
0.6453900709219859 0.2765957446808511 0.07801418439716312 
0.03296703296703297 0.4945054945054945 0.4725274725274725 
0.7468354430379747 0.11392405063291139 0.13924050632911392 
0.8282208588957055 0.1165644171779141 0.05521472392638037 
0.023728813559322035 0.9254237288135593 0.05084745762711865 
0.0990990990990991 0.8018018018018018 0.0990990990990991 
0.8134110787172012 0.03206997084548105 0.15451895043731778 
0.7674418604651163 0.17829457364341086 0.05426356589147287 
0.05263157894736842 0.3333333333333333 0.6140350877192983 
0.20306513409961685 0.7931034482758621 0.0038314176245210726 
0.12380952380952381 0.009523809523809525 0.8666666666666667 
0.13580246913580246 0.7037037037037037 0.16049382716049382 
0.21518987341772153 0.6962025316455697 0.08860759493670886 
0.0038314176245210726 0.8390804597701149 0.15708812260536398 
0.3987730061349693 0.37423312883435583 0.22699386503067484 
0.4729241877256318 0.33574007220216606 0.19133574007220217 
0.28104575163398693 0.7124183006535948 0.006535947712418301 
0.09881422924901186 0.6363636363636364 0.2648221343873518 
0.9593908629441624 0.03553299492385787 0.005076142131979695 
0.12056737588652482 0.6879432624113475 0.19148936170212766 
0.7313432835820896 0.263681592039801 0.004975124378109453 
0.025454545454545455 0.0036363636363636364 0.9709090909090909 
0.007633587786259542 0.17557251908396945 0.816793893129771 
0.08292682926829269 0.09268292682926829 0.824390243902439 
0.04093567251461988 0.029239766081871343 0.9298245614035088 
0.15606936416184972 0.04046242774566474 0.8034682080924855 
0.7142857142857143 0.009523809523809525 0.2761904761904762 
0.006993006993006993 0.04895104895104895 0.9440559440559441 
0.006896551724137931 0.2689655172413793 0.7241379310344828 
0.5402298850574713 0.011494252873563218 0.4482758620689655 
0.9612903225806452 0.03225806451612903 0.0064516129032258064 
0.47555555555555556 0.0044444444444444444 0.52 
0.47692307692307695 0.4564102564102564 0.06666666666666667 
0.828996282527881 0.0037174721189591076 0.16728624535315986 
0.21839080459770116 0.5632183908045977 0.21839080459770116 
0.9383259911894273 0.030837004405286344 0.030837004405286344 
0.8461538461538461 0.11242603550295859 0.04142011834319527 
0.03553299492385787 0.37055837563451777 0.5939086294416244 
0.8742138364779874 0.006289308176100629 0.11949685534591195 
0.8956521739130435 0.008695652173913044 0.09565217391304348 
0.05454545454545454 0.5878787878787879 0.3575757575757576 
0.15309446254071662 0.7654723127035831 0.08143322475570032 
0.5575221238938053 0.36283185840707965 0.07964601769911504 
0.003257328990228013 0.5635179153094463 0.43322475570032576 
0.248 0.376 0.376 
0.7215189873417721 0.26582278481012656 0.012658227848101266 
0.019867549668874173 0.5629139072847682 0.41721854304635764 
0.8709677419354839 0.010752688172043012 0.11827956989247312 
0.48148148148148145 0.5111111111111111 0.007407407407407408 
0.5371900826446281 0.04132231404958678 0.4214876033057851 
0.3110367892976589 0.411371237458194 0.27759197324414714 
0.14146341463414633 0.8536585365853658 0.004878048780487805 
0.8034682080924855 0.1676300578034682 0.028901734104046242 
0.48186528497409326 0.43005181347150256 0.08808290155440414 
0.444015444015444 0.4826254826254826 0.07335907335907337 
0.514792899408284 0.40828402366863903 0.07692307692307693 
0.6049382716049383 0.1111111111111111 0.2839506172839506 
0.5827338129496403 0.41007194244604317 0.007194244604316547 
0.9104477611940298 0.05472636815920398 0.03482587064676617 
0.6498054474708171 0.3151750972762646 0.03501945525291829 
0.4720812182741117 0.4720812182741117 0.05583756345177665 
0.7770897832817337 0.12074303405572756 0.1021671826625387 
0.006211180124223602 0.3167701863354037 0.6770186335403726 
0.7948717948717948 0.18974358974358974 0.015384615384615385 
0.056179775280898875 0.011235955056179775 0.9325842696629213 
0.7398373983739838 0.23577235772357724 0.024390243902439025 
0.03184713375796178 0.3503184713375796 0.6178343949044586 
0.8602620087336245 0.13537117903930132 0.004366812227074236 
0.02127659574468085 0.2624113475177305 0.7163120567375887 
0.8181818181818182 0.14049586776859505 0.04132231404958678 
0.004291845493562232 0.06437768240343347 0.9313304721030042 
0.14074074074074075 0.037037037037037035 0.8222222222222222 
0.016216216216216217 0.5243243243243243 0.4594594594594595 
0.7549407114624506 0.24110671936758893 0.003952569169960474 
0.7119341563786008 0.1934156378600823 0.09465020576131687 
0.8562874251497006 0.10179640718562874 0.041916167664670656 
0.024 0.408 0.568 
0.05426356589147287 0.4263565891472868 0.5193798449612403 
0.09779179810725552 0.0914826498422713 0.8107255520504731 
0.7818181818181819 0.16363636363636364 0.05454545454545454 
0.004830917874396135 0.6135265700483091 0.38164251207729466 
0.9139784946236559 0.010752688172043012 0.07526881720430108 
0.3285198555956679 0.3574007220216607 0.3140794223826715 
0.2773109243697479 0.14285714285714285 0.5798319327731093 
0.08074534161490683 0.639751552795031 0.2795031055900621 
0.9902439024390244 0.004878048780487805 0.004878048780487805 
0.7293233082706767 0.03759398496240601 0.23308270676691728 
0.990521327014218 0.004739336492890996 0.004739336492890996 
0.006622516556291391 0.37748344370860926 0.6158940397350994 
0.09243697478991597 0.7647058823529411 0.14285714285714285 
0.13580246913580246 0.012345679012345678 0.8518518518518519 
0.004694835680751174 0.051643192488262914 0.9436619718309859 
0.2454212454212454 0.4139194139194139 0.34065934065934067 
0.02564102564102564 0.046153846153846156 0.9282051282051282 
0.006289308176100629 0.27044025157232704 0.7232704402515723 
0.25146198830409355 0.7192982456140351 0.029239766081871343 
0.003484320557491289 0.8118466898954704 0.18466898954703834 
0.006211180124223602 0.8757763975155279 0.11801242236024845 
0.012987012987012988 0.19480519480519481 0.7922077922077922 
0.9169811320754717 0.0037735849056603774 0.07924528301886792 
0.0051813471502590676 0.07772020725388601 0.917098445595855 
0.09392265193370165 0.856353591160221 0.049723756906077346 
0.004048582995951417 0.9433198380566802 0.05263157894736842 
0.7044334975369458 0.26108374384236455 0.034482758620689655 
0.004878048780487805 0.3951219512195122 0.6 
0.06341463414634146 0.7170731707317073 0.21951219512195122 
0.1111111111111111 0.811965811965812 0.07692307692307693 
0.08108108108108109 0.16756756756756758 0.7513513513513513 
0.7404580152671756 0.17557251908396945 0.08396946564885496 
0.09871244635193133 0.8626609442060086 0.03862660944206009 
0.04390243902439024 0.6682926829268293 0.28780487804878047 
0.008695652173913044 0.9478260869565217 0.043478260869565216 
0.05394190871369295 0.4190871369294606 0.5269709543568465 
0.007874015748031496 0.7952755905511811 0.1968503937007874 
0.005649717514124294 0.24293785310734464 0.751412429378531 
0.2 0.2 0.6 
0.004081632653061225 0.2979591836734694 0.6979591836734694 
0.3142857142857143 0.009523809523809525 0.6761904761904762 
0.16312056737588654 0.03546099290780142 0.8014184397163121 
0.24232081911262798 0.0034129692832764505 0.7542662116040956 
0.16030534351145037 0.6793893129770993 0.16030534351145037 
0.10476190476190476 0.7714285714285715 0.12380952380952381 
0.9874213836477987 0.006289308176100629 0.006289308176100629 
0.11949685534591195 0.006289308176100629 0.8742138364779874 
0.48736462093862815 0.061371841155234655 0.45126353790613716 
0.13099041533546327 0.6293929712460063 0.23961661341853036 
0.12 0.04 0.84 
0.006369426751592357 0.08280254777070063 0.910828025477707 
0.00392156862745098 0.2235294117647059 0.7725490196078432 
0.34673366834170855 0.33668341708542715 0.3165829145728643 
0.0053475935828877 0.058823529411764705 0.9358288770053476 
0.006211180124223602 0.391304347826087 0.6024844720496895 
0.05263157894736842 0.9415204678362573 0.005847953216374269 
0.25888324873096447 0.6751269035532995 0.06598984771573604 
0.7483443708609272 0.17880794701986755 0.0728476821192053 
0.004784688995215311 0.06220095693779904 0.9330143540669856 
0.9156118143459916 0.012658227848101266 0.07172995780590717 
0.1079136690647482 0.48201438848920863 0.41007194244604317 
0.22488038277511962 0.09090909090909091 0.6842105263157895 
0.2996845425867508 0.6529968454258676 0.0473186119873817 
0.24882629107981222 0.17370892018779344 0.5774647887323944 
0.05641025641025641 0.6307692307692307 0.3128205128205128 
0.8606965174129353 0.12437810945273632 0.014925373134328358 
0.05660377358490566 0.018867924528301886 0.9245283018867925 
0.006060606060606061 0.6363636363636364 0.3575757575757576 
0.8012422360248447 0.14285714285714285 0.055900621118012424 
0.5487179487179488 0.4461538461538462 0.005128205128205128 
0.9044368600682594 0.09215017064846416 0.0034129692832764505 
0.0064516129032258064 0.41935483870967744 0.5741935483870968 
0.5733333333333334 0.013333333333333334 0.41333333333333333 
0.9141914191419142 0.07590759075907591 0.009900990099009901 
0.8435754189944135 0.13966480446927373 0.01675977653631285 
0.5826086956521739 0.3565217391304348 0.06086956521739131 
0.08396946564885496 0.45038167938931295 0.46564885496183206 
0.9877300613496932 0.006134969325153374 0.006134969325153374 
0.04225352112676056 0.014084507042253521 0.9436619718309859 
0.2483221476510067 0.3422818791946309 0.40939597315436244 
0.10548523206751055 0.5274261603375527 0.3670886075949367 
0.0228310502283105 0.6712328767123288 0.3059360730593607 
0.034220532319391636 0.7718631178707225 0.19391634980988592 
0.06620209059233449 0.156794425087108 0.7770034843205574 
0.7064220183486238 0.1743119266055046 0.11926605504587157 
0.7718120805369127 0.11409395973154363 0.11409395973154363 
0.45454545454545453 0.5411255411255411 0.004329004329004329 
0.09289617486338798 0.4207650273224044 0.48633879781420764 
0.16831683168316833 0.26732673267326734 0.5643564356435643 
0.973568281938326 0.004405286343612335 0.022026431718061675 
0.045936395759717315 0.9363957597173145 0.0176678445229682 
0.019867549668874173 0.08609271523178808 0.8940397350993378 
0.06666666666666667 0.009523809523809525 0.9238095238095239 
0.003076923076923077 0.8523076923076923 0.14461538461538462 
0.3689839572192513 0.6256684491978609 0.0053475935828877 
0.11711711711711711 0.5315315315315315 0.35135135135135137 
0.2682926829268293 0.36585365853658536 0.36585365853658536 
0.12582781456953643 0.0728476821192053 0.8013245033112583 
0.8672985781990521 0.004739336492890996 0.12796208530805686 
0.9567567567567568 0.02702702702702703 0.016216216216216217 
0.48514851485148514 0.504950495049505 0.009900990099009901 
0.06666666666666667 0.3904761904761905 0.5428571428571428 
0.1111111111111111 0.07936507936507936 0.8095238095238095 
0.9154929577464789 0.07981220657276995 0.004694835680751174 
0.7475728155339806 0.24271844660194175 0.009708737864077669 
0.11894273127753303 0.1894273127753304 0.6916299559471366 
0.8162162162162162 0.1783783783783784 0.005405405405405406 
0.18861209964412812 0.5800711743772242 0.2313167259786477 
0.08074534161490683 0.5527950310559007 0.36645962732919257 
0.054945054945054944 0.5677655677655677 0.3772893772893773 
0.2537313432835821 0.5621890547263682 0.18407960199004975 
0.8525345622119815 0.14285714285714285 0.004608294930875576 
0.20398009950248755 0.582089552238806 0.21393034825870647 
0.8344827586206897 0.15862068965517243 0.006896551724137931 
0.26174496644295303 0.7046979865771812 0.03355704697986577 
0.45622119815668205 0.511520737327189 0.03225806451612903 
0.7907949790794979 0.20502092050209206 0.0041841004184100415 
0.5802469135802469 0.25102880658436216 0.16872427983539096 
0.30434782608695654 0.043478260869565216 0.6521739130434783 
0.02304147465437788 0.576036866359447 0.4009216589861751 
0.19101123595505617 0.3707865168539326 0.43820224719101125 
0.004048582995951417 0.6761133603238867 0.31983805668016196 
0.05511811023622047 0.2283464566929134 0.7165354330708661 
0.056910569105691054 0.07317073170731707 0.8699186991869918 
0.3717277486910995 0.3612565445026178 0.2670157068062827 
0.05660377358490566 0.1320754716981132 0.8113207547169812 
0.13043478260869565 0.014492753623188406 0.855072463768116 
0.34513274336283184 0.008849557522123894 0.6460176991150443 
0.008 0.856 0.136 
0.7701149425287356 0.011494252873563218 0.21839080459770116 
0.7700348432055749 0.0313588850174216 0.1986062717770035 
0.8289085545722714 0.1504424778761062 0.02064896755162242 
0.007874015748031496 0.33858267716535434 0.6535433070866141 
0.934640522875817 0.058823529411764705 0.006535947712418301 
0.55893536121673 0.24714828897338403 0.19391634980988592 
0.010526315789473684 0.5157894736842106 0.47368421052631576 
0.5755102040816327 0.3795918367346939 0.044897959183673466 
0.424 0.024 0.552 
0.005025125628140704 0.9899497487437185 0.005025125628140704 
0.009966777408637873 0.9867109634551495 0.0033222591362126247 
0.04201680672268908 0.4957983193277311 0.46218487394957986 
0.6525821596244131 0.3051643192488263 0.04225352112676056 
0.6845878136200717 0.2616487455197133 0.053763440860215055 
0.008130081300813009 0.983739837398374 0.008130081300813009 
0.6177474402730375 0.3174061433447099 0.06484641638225255 
0.47540983606557374 0.20218579234972678 0.3224043715846995 
0.008403361344537815 0.7310924369747899 0.2605042016806723 
0.10948905109489052 0.021897810218978103 0.8686131386861314 
0.8926174496644296 0.0738255033557047 0.03355704697986577 
0.00303951367781155 0.13677811550151975 0.8601823708206687 
0.4244604316546763 0.23741007194244604 0.3381294964028777 
0.7304964539007093 0.2624113475177305 0.0070921985815602835 
0.15418502202643172 0.7180616740088106 0.1277533039647577 
0.029585798816568046 0.8461538461538461 0.1242603550295858 
0.7894736842105263 0.029239766081871343 0.18128654970760233 
0.026217228464419477 0.9625468164794008 0.011235955056179775 
0.2 0.2 0.6 
0.5276381909547738 0.10552763819095477 0.36683417085427134 
0.01858736059479554 0.15985130111524162 0.8215613382899628 
0.2112676056338028 0.596244131455399 0.19248826291079812 
0.005649717514124294 0.12994350282485875 0.864406779661017 
0.3702127659574468 0.4553191489361702 0.17446808510638298 
0.7851239669421488 0.2066115702479339 0.008264462809917356 
0.7714285714285715 0.22285714285714286 0.005714285714285714 
0.8628571428571429 0.04 0.09714285714285714 
0.727810650887574 0.26627218934911245 0.005917159763313609 
0.025380710659898477 0.38071065989847713 0.5939086294416244 
0.46938775510204084 0.2108843537414966 0.3197278911564626 
0.8834080717488789 0.11210762331838565 0.004484304932735426 
0.006134969325153374 0.26380368098159507 0.7300613496932515 
0.09473684210526316 0.05263157894736842 0.8526315789473684 
0.10588235294117647 0.011764705882352941 0.8823529411764706 
0.030927835051546393 0.1958762886597938 0.7731958762886598 
0.9071729957805907 0.08860759493670886 0.004219409282700422 
0.8580645161290322 0.13548387096774195 0.0064516129032258064 
0.8160919540229885 0.12643678160919541 0.05747126436781609 
0.005291005291005291 0.9576719576719577 0.037037037037037035 
0.8248175182481752 0.12408759124087591 0.051094890510948905 
0.2 0.2 0.6 
0.5384615384615384 0.3441295546558704 0.11740890688259109 
0.05263157894736842 0.672514619883041 0.27485380116959063 
0.07692307692307693 0.6581196581196581 0.26495726495726496 
0.8188679245283019 0.17735849056603772 0.0037735849056603774 
0.6059113300492611 0.14285714285714285 0.2512315270935961 
0.71900826446281 0.024793388429752067 0.256198347107438 
0.8562091503267973 0.0196078431372549 0.12418300653594772 
0.5956284153005464 0.3989071038251366 0.00546448087431694 
0.6205962059620597 0.37669376693766937 0.0027100271002710027 
0.38461538461538464 0.4125874125874126 0.20279720279720279 
0.4594594594594595 0.2648648648648649 0.2756756756756757 
0.004830917874396135 0.642512077294686 0.3526570048309179 
0.0036900369003690036 0.13653136531365315 0.8597785977859779 
0.009966777408637873 0.9601328903654485 0.029900332225913623 
0.08433734939759036 0.012048192771084338 0.9036144578313253 
0.41040462427745666 0.005780346820809248 0.5838150289017341 
0.861271676300578 0.1329479768786127 0.005780346820809248 
0.27413127413127414 0.5057915057915058 0.22007722007722008 
0.6824034334763949 0.13304721030042918 0.18454935622317598 
0.09433962264150944 0.8490566037735849 0.05660377358490566 
0.005405405405405406 0.2756756756756757 0.7189189189189189 
0.1678832116788321 0.38686131386861317 0.44525547445255476 
0.9320754716981132 0.0037735849056603774 0.06415094339622641 
0.6142131979695431 0.3401015228426396 0.04568527918781726 
0.02821316614420063 0.8181818181818182 0.1536050156739812 
0.2 0.1111111111111111 0.6888888888888889 
0.18828451882845187 0.06276150627615062 0.7489539748953975 
0.4603174603174603 0.25925925925925924 0.2804232804232804 
0.024630541871921183 0.6847290640394089 0.29064039408866993 
0.12941176470588237 0.2 0.6705882352941176 
0.6216216216216216 0.13513513513513514 0.24324324324324326 
0.8666666666666667 0.009523809523809525 0.12380952380952381 
0.9311827956989247 0.01935483870967742 0.04946236559139785 
0.8282208588957055 0.15337423312883436 0.018404907975460124 
0.07913669064748201 0.23741007194244604 0.6834532374100719 
0.4206896551724138 0.2827586206896552 0.296551724137931 
0.7554585152838428 0.17903930131004367 0.06550218340611354 
0.7444933920704846 0.06607929515418502 0.1894273127753304 
0.8867924528301887 0.1069182389937107 0.006289308176100629 
0.2 0.2 0.6 
0.19093851132686085 0.6763754045307443 0.13268608414239483 
0.33774834437086093 0.08609271523178808 0.5761589403973509 
0.5875486381322957 0.40077821011673154 0.011673151750972763 
0.3281853281853282 0.3204633204633205 0.35135135135135137 
0.08108108108108109 0.915057915057915 0.003861003861003861 
0.25133689839572193 0.15508021390374332 0.5935828877005348 
0.060240963855421686 0.22088353413654618 0.7188755020080321 
0.38223938223938225 0.5752895752895753 0.04247104247104247 
0.05069124423963134 0.6682027649769585 0.28110599078341014 
0.3259668508287293 0.3370165745856354 0.3370165745856354 
0.8874458874458875 0.10822510822510822 0.004329004329004329 
0.898989898989899 0.09090909090909091 0.010101010101010102 
0.05583756345177665 0.04568527918781726 0.8984771573604061 
0.0038314176245210726 0.2796934865900383 0.7164750957854407 
0.824390243902439 0.16097560975609757 0.014634146341463415 
0.028037383177570093 0.514018691588785 0.45794392523364486 
0.10638297872340426 0.23404255319148937 0.6595744680851063 
0.5275590551181102 0.4015748031496063 0.07086614173228346 
0.813953488372093 0.16279069767441862 0.023255813953488372 
0.7714285714285715 0.15428571428571428 0.07428571428571429 
0.006535947712418301 0.1895424836601307 0.803921568627451 
0.37888198757763975 0.043478260869565216 0.577639751552795 
0.003663003663003663 0.9853479853479854 0.01098901098901099 
0.05759162303664921 0.8534031413612565 0.08900523560209424 
0.13170731707317074 0.8536585365853658 0.014634146341463415 
0.08717948717948718 0.9076923076923077 0.005128205128205128 
0.005780346820809248 0.9653179190751445 0.028901734104046242 
0.024793388429752067 0.9338842975206612 0.04132231404958678 
0.5764705882352941 0.4117647058823529 0.011764705882352941 
0.9819819819819819 0.009009009009009009 0.009009009009009009 
0.005235602094240838 0.3089005235602094 0.6858638743455497 
0.4117647058823529 0.5764705882352941 0.011764705882352941 
0.013215859030837005 0.2511013215859031 0.73568281938326 
0.018633540372670808 0.6024844720496895 0.37888198757763975 
0.011764705882352941 0.5294117647058824 0.4588235294117647 
0.01276595744680851 0.35319148936170214 0.6340425531914894 
0.2 0.2 0.6 
0.3162393162393162 0.6410256410256411 0.042735042735042736 
0.04186046511627907 0.5906976744186047 0.3674418604651163 
0.015544041450777202 0.09844559585492228 0.8860103626943006 
0.7971014492753623 0.18840579710144928 0.014492753623188406 
0.7261410788381742 0.26141078838174275 0.012448132780082987 
0.050980392156862744 0.10588235294117647 0.8431372549019608 
0.19327731092436976 0.3277310924369748 0.4789915966386555 
0.7443609022556391 0.20300751879699247 0.05263157894736842 
0.008 0.104 0.888 
0.05116279069767442 0.4883720930232558 0.4604651162790698 
0.0931174089068826 0.4089068825910931 0.4979757085020243 
0.9897435897435898 0.005128205128205128 0.005128205128205128 
0.05660377358490566 0.7987421383647799 0.14465408805031446 
0.7797356828193832 0.21585903083700442 0.004405286343612335 
0.9447513812154696 0.03867403314917127 0.016574585635359115 
0.1076923076923077 0.3230769230769231 0.5692307692307692 
0.0196078431372549 0.058823529411764705 0.9215686274509803 
0.005714285714285714 0.9771428571428571 0.017142857142857144 
0.3375796178343949 0.6305732484076433 0.03184713375796178 
0.11450381679389313 0.007633587786259542 0.8778625954198473 
0.4538152610441767 0.17269076305220885 0.37349397590361444 
0.41007194244604317 0.03597122302158273 0.5539568345323741 
