0.004807692307692308 0.02403846153846154 0.004807692307692308 0.004807692307692308 0.09134615384615384 0.02403846153846154 0.46634615384615385 0.014423076923076924 0.02403846153846154 0.014423076923076924 0.014423076923076924 0.014423076923076924 0.03365384615384615 0.004807692307692308 0.004807692307692308 0.004807692307692308 0.004807692307692308 0.004807692307692308 0.004807692307692308 0.004807692307692308 0.02403846153846154 0.014423076923076924 0.02403846153846154 0.004807692307692308 0.004807692307692308 0.10096153846153846 0.02403846153846154 0.004807692307692308 0.02403846153846154 0.004807692307692308 
0.008064516129032258 0.024193548387096774 0.024193548387096774 0.008064516129032258 0.008064516129032258 0.04032258064516129 0.008064516129032258 0.008064516129032258 0.008064516129032258 0.056451612903225805 0.024193548387096774 0.20161290322580644 0.008064516129032258 0.08870967741935484 0.024193548387096774 0.04032258064516129 0.024193548387096774 0.008064516129032258 0.008064516129032258 0.008064516129032258 0.008064516129032258 0.008064516129032258 0.12096774193548387 0.08870967741935484 0.07258064516129033 0.008064516129032258 0.04032258064516129 0.008064516129032258 0.008064516129032258 0.008064516129032258 
0.005494505494505495 0.005494505494505495 0.005494505494505495 0.005494505494505495 0.005494505494505495 0.016483516483516484 0.005494505494505495 0.005494505494505495 0.13736263736263737 0.17032967032967034 0.005494505494505495 0.016483516483516484 0.005494505494505495 0.005494505494505495 0.005494505494505495 0.027472527472527472 0.027472527472527472 0.11538461538461539 0.005494505494505495 0.17032967032967034 0.016483516483516484 0.005494505494505495 0.005494505494505495 0.005494505494505495 0.005494505494505495 0.016483516483516484 0.1813186813186813 0.005494505494505495 0.005494505494505495 0.005494505494505495 
0.01293103448275862 0.01293103448275862 0.06465517241379311 0.004310344827586207 0.09913793103448276 0.004310344827586207 0.004310344827586207 0.004310344827586207 0.05603448275862069 0.004310344827586207 0.01293103448275862 0.004310344827586207 0.01293103448275862 0.01293103448275862 0.07327586206896551 0.004310344827586207 0.01293103448275862 0.004310344827586207 0.004310344827586207 0.01293103448275862 0.21982758620689655 0.01293103448275862 0.03017241379310345 0.01293103448275862 0.03879310344827586 0.004310344827586207 0.004310344827586207 0.004310344827586207 0.004310344827586207 0.24568965517241378 
0.0043859649122807015 0.0043859649122807015 0.0043859649122807015 0.0043859649122807015 0.0043859649122807015 0.0043859649122807015 0.08333333333333333 0.0043859649122807015 0.013157894736842105 0.0043859649122807015 0.013157894736842105 0.10087719298245613 0.17105263157894737 0.021929824561403508 0.013157894736842105 0.40789473684210525 0.0043859649122807015 0.0043859649122807015 0.0043859649122807015 0.0043859649122807015 0.0043859649122807015 0.013157894736842105 0.0043859649122807015 0.0043859649122807015 0.0043859649122807015 0.06578947368421052 0.013157894736842105 0.0043859649122807015 0.0043859649122807015 0.0043859649122807015 
0.02459016393442623 0.00819672131147541 0.00819672131147541 0.00819672131147541 0.00819672131147541 0.09016393442622951 0.07377049180327869 0.00819672131147541 0.00819672131147541 0.00819672131147541 0.00819672131147541 0.00819672131147541 0.00819672131147541 0.02459016393442623 0.00819672131147541 0.00819672131147541 0.4344262295081967 0.00819672131147541 0.00819672131147541 0.00819672131147541 0.040983606557377046 0.00819672131147541 0.05737704918032787 0.00819672131147541 0.040983606557377046 0.02459016393442623 0.02459016393442623 0.00819672131147541 0.00819672131147541 0.00819672131147541 
0.005208333333333333 0.046875 0.005208333333333333 0.08854166666666667 0.026041666666666668 0.005208333333333333 0.005208333333333333 0.026041666666666668 0.078125 0.036458333333333336 0.005208333333333333 0.057291666666666664 0.22395833333333334 0.005208333333333333 0.005208333333333333 0.015625 0.026041666666666668 0.005208333333333333 0.005208333333333333 0.005208333333333333 0.005208333333333333 0.005208333333333333 0.005208333333333333 0.16145833333333334 0.057291666666666664 0.036458333333333336 0.005208333333333333 0.015625 0.005208333333333333 0.026041666666666668 
0.022727272727272728 0.007575757575757576 0.022727272727272728 0.007575757575757576 0.03787878787878788 0.022727272727272728 0.007575757575757576 0.007575757575757576 0.05303030303030303 0.007575757575757576 0.1590909090909091 0.007575757575757576 0.23484848484848486 0.007575757575757576 0.007575757575757576 0.05303030303030303 0.007575757575757576 0.007575757575757576 0.007575757575757576 0.007575757575757576 0.08333333333333333 0.022727272727272728 0.007575757575757576 0.007575757575757576 0.007575757575757576 0.007575757575757576 0.03787878787878788 0.022727272727272728 0.007575757575757576 0.09848484848484848 
0.049342105263157895 0.003289473684210526 0.01644736842105263 0.029605263157894735 0.009868421052631578 0.22039473684210525 0.26644736842105265 0.003289473684210526 0.003289473684210526 0.009868421052631578 0.009868421052631578 0.08881578947368421 0.029605263157894735 0.003289473684210526 0.01644736842105263 0.01644736842105263 0.003289473684210526 0.003289473684210526 0.003289473684210526 0.003289473684210526 0.003289473684210526 0.003289473684210526 0.17434210526315788 0.003289473684210526 0.009868421052631578 0.003289473684210526 0.003289473684210526 0.003289473684210526 0.003289473684210526 0.003289473684210526 
0.00423728813559322 0.00423728813559322 0.00423728813559322 0.00423728813559322 0.029661016949152543 0.0211864406779661 0.11440677966101695 0.2838983050847458 0.00423728813559322 0.08050847457627118 0.00423728813559322 0.00423728813559322 0.08898305084745763 0.00423728813559322 0.00423728813559322 0.0211864406779661 0.029661016949152543 0.012711864406779662 0.00423728813559322 0.038135593220338986 0.012711864406779662 0.00423728813559322 0.09745762711864407 0.0211864406779661 0.00423728813559322 0.038135593220338986 0.012711864406779662 0.012711864406779662 0.029661016949152543 0.00423728813559322 
0.006024096385542169 0.006024096385542169 0.030120481927710843 0.030120481927710843 0.018072289156626505 0.04216867469879518 0.06626506024096386 0.006024096385542169 0.006024096385542169 0.04216867469879518 0.006024096385542169 0.030120481927710843 0.006024096385542169 0.006024096385542169 0.3795180722891566 0.006024096385542169 0.04216867469879518 0.006024096385542169 0.006024096385542169 0.006024096385542169 0.006024096385542169 0.006024096385542169 0.018072289156626505 0.1144578313253012 0.006024096385542169 0.04216867469879518 0.018072289156626505 0.030120481927710843 0.006024096385542169 0.006024096385542169 
0.14566929133858267 0.05905511811023622 0.003937007874015748 0.07480314960629922 0.003937007874015748 0.2952755905511811 0.003937007874015748 0.04330708661417323 0.011811023622047244 0.01968503937007874 0.011811023622047244 0.003937007874015748 0.06692913385826772 0.011811023622047244 0.04330708661417323 0.003937007874015748 0.04330708661417323 0.003937007874015748 0.011811023622047244 0.003937007874015748 0.03543307086614173 0.003937007874015748 0.003937007874015748 0.003937007874015748 0.051181102362204724 0.011811023622047244 0.003937007874015748 0.003937007874015748 0.003937007874015748 0.011811023622047244 
0.006578947368421052 0.006578947368421052 0.006578947368421052 0.03289473684210526 0.006578947368421052 0.03289473684210526 0.125 0.046052631578947366 0.006578947368421052 0.019736842105263157 0.006578947368421052 0.019736842105263157 0.006578947368421052 0.019736842105263157 0.19078947368421054 0.006578947368421052 0.05921052631578947 0.006578947368421052 0.006578947368421052 0.006578947368421052 0.046052631578947366 0.006578947368421052 0.07236842105263158 0.006578947368421052 0.125 0.07236842105263158 0.006578947368421052 0.03289473684210526 0.006578947368421052 0.006578947368421052 
0.024271844660194174 0.0048543689320388345 0.03398058252427184 0.0048543689320388345 0.05339805825242718 0.014563106796116505 0.0825242718446602 0.024271844660194174 0.0048543689320388345 0.0048543689320388345 0.0048543689320388345 0.0048543689320388345 0.07281553398058252 0.0048543689320388345 0.1407766990291262 0.0048543689320388345 0.03398058252427184 0.0048543689320388345 0.024271844660194174 0.0048543689320388345 0.0048543689320388345 0.024271844660194174 0.32524271844660196 0.0048543689320388345 0.0048543689320388345 0.0048543689320388345 0.014563106796116505 0.03398058252427184 0.024271844660194174 0.0048543689320388345 
0.00909090909090909 0.00909090909090909 0.00909090909090909 0.00909090909090909 0.00909090909090909 0.00909090909090909 0.00909090909090909 0.00909090909090909 0.00909090909090909 0.00909090909090909 0.00909090909090909 0.00909090909090909 0.00909090909090909 0.00909090909090909 0.02727272727272727 0.00909090909090909 0.00909090909090909 0.00909090909090909 0.2636363636363636 0.00909090909090909 0.00909090909090909 0.13636363636363635 0.00909090909090909 0.02727272727272727 0.045454545454545456 0.00909090909090909 0.00909090909090909 0.22727272727272727 0.06363636363636363 0.00909090909090909 
0.02577319587628866 0.04639175257731959 0.005154639175257732 0.04639175257731959 0.015463917525773196 0.26288659793814434 0.06701030927835051 0.005154639175257732 0.005154639175257732 0.015463917525773196 0.005154639175257732 0.005154639175257732 0.005154639175257732 0.005154639175257732 0.18041237113402062 0.02577319587628866 0.005154639175257732 0.005154639175257732 0.005154639175257732 0.015463917525773196 0.005154639175257732 0.015463917525773196 0.07731958762886598 0.005154639175257732 0.005154639175257732 0.015463917525773196 0.06701030927835051 0.015463917525773196 0.03608247422680412 0.005154639175257732 
0.015625 0.005208333333333333 0.005208333333333333 0.005208333333333333 0.036458333333333336 0.026041666666666668 0.015625 0.140625 0.015625 0.005208333333333333 0.005208333333333333 0.015625 0.005208333333333333 0.005208333333333333 0.046875 0.026041666666666668 0.24479166666666666 0.005208333333333333 0.005208333333333333 0.026041666666666668 0.078125 0.036458333333333336 0.036458333333333336 0.026041666666666668 0.005208333333333333 0.078125 0.015625 0.046875 0.015625 0.005208333333333333 
0.004424778761061947 0.048672566371681415 0.01327433628318584 0.004424778761061947 0.01327433628318584 0.004424778761061947 0.030973451327433628 0.048672566371681415 0.004424778761061947 0.01327433628318584 0.01327433628318584 0.33185840707964603 0.004424778761061947 0.004424778761061947 0.030973451327433628 0.05752212389380531 0.004424778761061947 0.004424778761061947 0.004424778761061947 0.01327433628318584 0.004424778761061947 0.0752212389380531 0.10176991150442478 0.004424778761061947 0.05752212389380531 0.03982300884955752 0.004424778761061947 0.022123893805309734 0.030973451327433628 0.004424778761061947 
0.029069767441860465 0.36627906976744184 0.005813953488372093 0.09883720930232558 0.005813953488372093 0.13372093023255813 0.005813953488372093 0.01744186046511628 0.005813953488372093 0.01744186046511628 0.01744186046511628 0.040697674418604654 0.005813953488372093 0.01744186046511628 0.005813953488372093 0.005813953488372093 0.005813953488372093 0.005813953488372093 0.005813953488372093 0.005813953488372093 0.005813953488372093 0.005813953488372093 0.01744186046511628 0.005813953488372093 0.005813953488372093 0.0755813953488372 0.01744186046511628 0.005813953488372093 0.040697674418604654 0.01744186046511628 
0.006756756756756757 0.006756756756756757 0.02027027027027027 0.006756756756756757 0.006756756756756757 0.006756756756756757 0.006756756756756757 0.006756756756756757 0.20945945945945946 0.14189189189189189 0.033783783783783786 0.11486486486486487 0.02027027027027027 0.006756756756756757 0.006756756756756757 0.006756756756756757 0.006756756756756757 0.08783783783783784 0.006756756756756757 0.08783783783783784 0.006756756756756757 0.006756756756756757 0.02027027027027027 0.006756756756756757 0.006756756756756757 0.006756756756756757 0.10135135135135136 0.02027027027027027 0.006756756756756757 0.02027027027027027 
0.09130434782608696 0.004347826086956522 0.004347826086956522 0.004347826086956522 0.004347826086956522 0.013043478260869565 0.004347826086956522 0.021739130434782608 0.05652173913043478 0.1 0.013043478260869565 0.04782608695652174 0.030434782608695653 0.13478260869565217 0.004347826086956522 0.013043478260869565 0.21304347826086956 0.07391304347826087 0.021739130434782608 0.004347826086956522 0.021739130434782608 0.030434782608695653 0.013043478260869565 0.013043478260869565 0.021739130434782608 0.013043478260869565 0.004347826086956522 0.004347826086956522 0.013043478260869565 0.004347826086956522 
0.044642857142857144 0.08035714285714286 0.008928571428571428 0.008928571428571428 0.008928571428571428 0.026785714285714284 0.026785714285714284 0.026785714285714284 0.044642857142857144 0.044642857142857144 0.008928571428571428 0.08035714285714286 0.008928571428571428 0.008928571428571428 0.008928571428571428 0.044642857142857144 0.044642857142857144 0.026785714285714284 0.008928571428571428 0.008928571428571428 0.008928571428571428 0.008928571428571428 0.008928571428571428 0.11607142857142858 0.044642857142857144 0.15178571428571427 0.0625 0.008928571428571428 0.008928571428571428 0.008928571428571428 
0.005555555555555556 0.005555555555555556 0.03888888888888889 0.027777777777777776 0.016666666666666666 0.027777777777777776 0.016666666666666666 0.08333333333333333 0.005555555555555556 0.005555555555555556 0.005555555555555556 0.03888888888888889 0.16111111111111112 0.005555555555555556 0.005555555555555556 0.005555555555555556 0.005555555555555556 0.016666666666666666 0.08333333333333333 0.03888888888888889 0.005555555555555556 0.016666666666666666 0.016666666666666666 0.20555555555555555 0.005555555555555556 0.08333333333333333 0.005555555555555556 0.005555555555555556 0.005555555555555556 0.05 
0.004347826086956522 0.013043478260869565 0.013043478260869565 0.04782608695652174 0.004347826086956522 0.004347826086956522 0.004347826086956522 0.030434782608695653 0.021739130434782608 0.004347826086956522 0.013043478260869565 0.004347826086956522 0.013043478260869565 0.004347826086956522 0.06521739130434782 0.11739130434782609 0.030434782608695653 0.013043478260869565 0.04782608695652174 0.004347826086956522 0.013043478260869565 0.004347826086956522 0.004347826086956522 0.21304347826086956 0.04782608695652174 0.021739130434782608 0.013043478260869565 0.004347826086956522 0.20434782608695654 0.013043478260869565 
0.05223880597014925 0.007462686567164179 0.007462686567164179 0.007462686567164179 0.03731343283582089 0.022388059701492536 0.007462686567164179 0.007462686567164179 0.007462686567164179 0.007462686567164179 0.3656716417910448 0.007462686567164179 0.022388059701492536 0.007462686567164179 0.05223880597014925 0.05223880597014925 0.007462686567164179 0.007462686567164179 0.007462686567164179 0.007462686567164179 0.007462686567164179 0.08208955223880597 0.03731343283582089 0.007462686567164179 0.007462686567164179 0.007462686567164179 0.007462686567164179 0.06716417910447761 0.007462686567164179 0.06716417910447761 
0.006944444444444444 0.006944444444444444 0.006944444444444444 0.006944444444444444 0.006944444444444444 0.4097222222222222 0.006944444444444444 0.0625 0.006944444444444444 0.034722222222222224 0.006944444444444444 0.020833333333333332 0.13194444444444445 0.034722222222222224 0.006944444444444444 0.04861111111111111 0.006944444444444444 0.0625 0.006944444444444444 0.006944444444444444 0.006944444444444444 0.006944444444444444 0.020833333333333332 0.006944444444444444 0.020833333333333332 0.006944444444444444 0.020833333333333332 0.006944444444444444 0.006944444444444444 0.006944444444444444 
0.013392857142857142 0.004464285714285714 0.004464285714285714 0.004464285714285714 0.004464285714285714 0.004464285714285714 0.004464285714285714 0.004464285714285714 0.09375 0.06696428571428571 0.004464285714285714 0.013392857142857142 0.013392857142857142 0.004464285714285714 0.022321428571428572 0.013392857142857142 0.013392857142857142 0.004464285714285714 0.004464285714285714 0.004464285714285714 0.004464285714285714 0.2544642857142857 0.14732142857142858 0.004464285714285714 0.03125 0.004464285714285714 0.004464285714285714 0.22767857142857142 0.013392857142857142 0.004464285714285714 
0.03409090909090909 0.01893939393939394 0.07954545454545454 0.003787878787878788 0.04924242424242424 0.011363636363636364 0.003787878787878788 0.011363636363636364 0.003787878787878788 0.003787878787878788 0.23106060606060605 0.003787878787878788 0.003787878787878788 0.011363636363636364 0.01893939393939394 0.03409090909090909 0.003787878787878788 0.011363636363636364 0.011363636363636364 0.003787878787878788 0.07954545454545454 0.003787878787878788 0.07196969696969698 0.01893939393939394 0.003787878787878788 0.003787878787878788 0.07954545454545454 0.125 0.003787878787878788 0.056818181818181816 
0.018518518518518517 0.12962962962962962 0.018518518518518517 0.05555555555555555 0.05555555555555555 0.018518518518518517 0.05555555555555555 0.018518518518518517 0.018518518518518517 0.018518518518518517 0.018518518518518517 0.018518518518518517 0.018518518518518517 0.018518518518518517 0.018518518518518517 0.018518518518518517 0.2037037037037037 0.018518518518518517 0.018518518518518517 0.018518518518518517 0.018518518518518517 0.018518518518518517 0.05555555555555555 0.018518518518518517 0.018518518518518517 0.018518518518518517 0.018518518518518517 0.018518518518518517 0.018518518518518517 0.018518518518518517 
0.0035714285714285713 0.0035714285714285713 0.0035714285714285713 0.10357142857142858 0.010714285714285714 0.0035714285714285713 0.0035714285714285713 0.0035714285714285713 0.0035714285714285713 0.010714285714285714 0.039285714285714285 0.075 0.010714285714285714 0.0035714285714285713 0.11785714285714285 0.017857142857142856 0.0035714285714285713 0.039285714285714285 0.017857142857142856 0.09642857142857143 0.017857142857142856 0.010714285714285714 0.05357142857142857 0.025 0.03214285714285714 0.15357142857142858 0.025 0.0035714285714285713 0.010714285714285714 0.09642857142857143 
0.3148148148148148 0.018518518518518517 0.006172839506172839 0.09259259259259259 0.043209876543209874 0.006172839506172839 0.018518518518518517 0.006172839506172839 0.06790123456790123 0.006172839506172839 0.006172839506172839 0.006172839506172839 0.006172839506172839 0.006172839506172839 0.16666666666666666 0.006172839506172839 0.006172839506172839 0.018518518518518517 0.06790123456790123 0.030864197530864196 0.018518518518518517 0.006172839506172839 0.006172839506172839 0.006172839506172839 0.006172839506172839 0.018518518518518517 0.006172839506172839 0.006172839506172839 0.018518518518518517 0.006172839506172839 
0.005 0.015 0.245 0.005 0.015 0.005 0.005 0.005 0.015 0.005 0.025 0.005 0.015 0.015 0.005 0.055 0.005 0.005 0.055 0.005 0.235 0.005 0.095 0.015 0.005 0.065 0.015 0.035 0.005 0.015 
0.04216867469879518 0.018072289156626505 0.006024096385542169 0.006024096385542169 0.030120481927710843 0.006024096385542169 0.006024096385542169 0.018072289156626505 0.0783132530120482 0.018072289156626505 0.030120481927710843 0.05421686746987952 0.006024096385542169 0.006024096385542169 0.018072289156626505 0.006024096385542169 0.006024096385542169 0.030120481927710843 0.09036144578313253 0.10240963855421686 0.04216867469879518 0.04216867469879518 0.006024096385542169 0.04216867469879518 0.006024096385542169 0.006024096385542169 0.006024096385542169 0.12650602409638553 0.13855421686746988 0.006024096385542169 
0.02142857142857143 0.10714285714285714 0.02142857142857143 0.007142857142857143 0.007142857142857143 0.03571428571428571 0.02142857142857143 0.2357142857142857 0.02142857142857143 0.007142857142857143 0.007142857142857143 0.007142857142857143 0.007142857142857143 0.02142857142857143 0.007142857142857143 0.03571428571428571 0.03571428571428571 0.007142857142857143 0.007142857142857143 0.007142857142857143 0.007142857142857143 0.03571428571428571 0.02142857142857143 0.007142857142857143 0.007142857142857143 0.007142857142857143 0.007142857142857143 0.007142857142857143 0.2642857142857143 0.007142857142857143 
0.004166666666666667 0.3541666666666667 0.004166666666666667 0.0125 0.029166666666666667 0.0125 0.10416666666666667 0.004166666666666667 0.004166666666666667 0.004166666666666667 0.004166666666666667 0.0125 0.0375 0.004166666666666667 0.004166666666666667 0.004166666666666667 0.0125 0.004166666666666667 0.004166666666666667 0.020833333333333332 0.004166666666666667 0.0125 0.0375 0.004166666666666667 0.004166666666666667 0.25416666666666665 0.004166666666666667 0.004166666666666667 0.029166666666666667 0.004166666666666667 
0.023809523809523808 0.03333333333333333 0.004761904761904762 0.004761904761904762 0.023809523809523808 0.04285714285714286 0.004761904761904762 0.004761904761904762 0.014285714285714285 0.11904761904761904 0.004761904761904762 0.03333333333333333 0.004761904761904762 0.004761904761904762 0.014285714285714285 0.09047619047619047 0.004761904761904762 0.004761904761904762 0.2523809523809524 0.004761904761904762 0.004761904761904762 0.004761904761904762 0.004761904761904762 0.004761904761904762 0.22380952380952382 0.004761904761904762 0.004761904761904762 0.04285714285714286 0.004761904761904762 0.004761904761904762 
0.04375 0.00625 0.00625 0.01875 0.00625 0.00625 0.08125 0.00625 0.04375 0.00625 0.00625 0.03125 0.00625 0.11875 0.00625 0.00625 0.01875 0.00625 0.00625 0.00625 0.10625 0.03125 0.06875 0.00625 0.04375 0.03125 0.05625 0.04375 0.14375 0.03125 
0.005434782608695652 0.02717391304347826 0.23369565217391305 0.005434782608695652 0.016304347826086956 0.005434782608695652 0.016304347826086956 0.005434782608695652 0.059782608695652176 0.005434782608695652 0.02717391304347826 0.016304347826086956 0.005434782608695652 0.03804347826086957 0.02717391304347826 0.016304347826086956 0.016304347826086956 0.005434782608695652 0.10326086956521739 0.005434782608695652 0.005434782608695652 0.005434782608695652 0.005434782608695652 0.08152173913043478 0.005434782608695652 0.02717391304347826 0.005434782608695652 0.005434782608695652 0.08152173913043478 0.1358695652173913 
0.02027027027027027 0.02027027027027027 0.006756756756756757 0.006756756756756757 0.006756756756756757 0.02027027027027027 0.12837837837837837 0.006756756756756757 0.02027027027027027 0.02027027027027027 0.006756756756756757 0.033783783783783786 0.006756756756756757 0.033783783783783786 0.07432432432432433 0.02027027027027027 0.07432432432432433 0.006756756756756757 0.006756756756756757 0.02027027027027027 0.060810810810810814 0.02027027027027027 0.006756756756756757 0.006756756756756757 0.006756756756756757 0.07432432432432433 0.08783783783783784 0.1554054054054054 0.02027027027027027 0.02027027027027027 
0.016304347826086956 0.016304347826086956 0.29891304347826086 0.005434782608695652 0.005434782608695652 0.005434782608695652 0.005434782608695652 0.09239130434782608 0.016304347826086956 0.02717391304347826 0.005434782608695652 0.005434782608695652 0.1358695652173913 0.005434782608695652 0.005434782608695652 0.059782608695652176 0.07065217391304347 0.02717391304347826 0.016304347826086956 0.005434782608695652 0.005434782608695652 0.03804347826086957 0.005434782608695652 0.04891304347826087 0.005434782608695652 0.04891304347826087 0.005434782608695652 0.005434782608695652 0.005434782608695652 0.005434782608695652 
0.03461538461538462 0.1346153846153846 0.011538461538461539 0.0038461538461538464 0.06538461538461539 0.011538461538461539 0.06538461538461539 0.0038461538461538464 0.011538461538461539 0.011538461538461539 0.0038461538461538464 0.0038461538461538464 0.011538461538461539 0.3423076923076923 0.026923076923076925 0.0038461538461538464 0.0038461538461538464 0.011538461538461539 0.0038461538461538464 0.0038461538461538464 0.0038461538461538464 0.011538461538461539 0.07307692307692308 0.08076923076923077 0.03461538461538462 0.011538461538461539 0.0038461538461538464 0.0038461538461538464 0.0038461538461538464 0.0038461538461538464 
0.12337662337662338 0.006493506493506494 0.006493506493506494 0.045454545454545456 0.006493506493506494 0.006493506493506494 0.032467532467532464 0.006493506493506494 0.05844155844155844 0.006493506493506494 0.006493506493506494 0.006493506493506494 0.045454545454545456 0.006493506493506494 0.09740259740259741 0.01948051948051948 0.006493506493506494 0.01948051948051948 0.032467532467532464 0.032467532467532464 0.032467532467532464 0.032467532467532464 0.01948051948051948 0.006493506493506494 0.08441558441558442 0.09740259740259741 0.006493506493506494 0.08441558441558442 0.006493506493506494 0.05844155844155844 
0.09545454545454546 0.004545454545454545 0.004545454545454545 0.004545454545454545 0.05909090909090909 0.004545454545454545 0.11363636363636363 0.004545454545454545 0.004545454545454545 0.004545454545454545 0.004545454545454545 0.004545454545454545 0.013636363636363636 0.013636363636363636 0.4681818181818182 0.004545454545454545 0.031818181818181815 0.004545454545454545 0.013636363636363636 0.004545454545454545 0.022727272727272728 0.013636363636363636 0.004545454545454545 0.004545454545454545 0.05 0.022727272727272728 0.004545454545454545 0.004545454545454545 0.004545454545454545 0.004545454545454545 
0.024193548387096774 0.008064516129032258 0.008064516129032258 0.056451612903225805 0.25 0.10483870967741936 0.008064516129032258 0.008064516129032258 0.008064516129032258 0.008064516129032258 0.008064516129032258 0.1532258064516129 0.008064516129032258 0.008064516129032258 0.008064516129032258 0.12096774193548387 0.024193548387096774 0.024193548387096774 0.008064516129032258 0.008064516129032258 0.024193548387096774 0.024193548387096774 0.024193548387096774 0.008064516129032258 0.008064516129032258 0.008064516129032258 0.024193548387096774 0.008064516129032258 0.008064516129032258 0.008064516129032258 
0.004201680672268907 0.012605042016806723 0.046218487394957986 0.004201680672268907 0.037815126050420166 0.004201680672268907 0.02100840336134454 0.004201680672268907 0.004201680672268907 0.06302521008403361 0.004201680672268907 0.037815126050420166 0.012605042016806723 0.28991596638655465 0.13865546218487396 0.07983193277310924 0.029411764705882353 0.004201680672268907 0.004201680672268907 0.012605042016806723 0.07983193277310924 0.004201680672268907 0.029411764705882353 0.004201680672268907 0.004201680672268907 0.02100840336134454 0.012605042016806723 0.004201680672268907 0.02100840336134454 0.004201680672268907 
0.005747126436781609 0.5 0.005747126436781609 0.15517241379310345 0.028735632183908046 0.005747126436781609 0.028735632183908046 0.017241379310344827 0.005747126436781609 0.017241379310344827 0.005747126436781609 0.028735632183908046 0.005747126436781609 0.005747126436781609 0.005747126436781609 0.028735632183908046 0.005747126436781609 0.005747126436781609 0.005747126436781609 0.005747126436781609 0.017241379310344827 0.005747126436781609 0.06321839080459771 0.005747126436781609 0.005747126436781609 0.005747126436781609 0.005747126436781609 0.005747126436781609 0.005747126436781609 0.005747126436781609 
0.07142857142857142 0.03968253968253968 0.007936507936507936 0.03968253968253968 0.007936507936507936 0.007936507936507936 0.007936507936507936 0.03968253968253968 0.007936507936507936 0.007936507936507936 0.023809523809523808 0.16666666666666666 0.0873015873015873 0.007936507936507936 0.05555555555555555 0.007936507936507936 0.023809523809523808 0.007936507936507936 0.023809523809523808 0.023809523809523808 0.007936507936507936 0.007936507936507936 0.007936507936507936 0.03968253968253968 0.007936507936507936 0.007936507936507936 0.007936507936507936 0.007936507936507936 0.007936507936507936 0.23015873015873015 
0.42213114754098363 0.004098360655737705 0.004098360655737705 0.028688524590163935 0.012295081967213115 0.004098360655737705 0.004098360655737705 0.0860655737704918 0.10245901639344263 0.004098360655737705 0.004098360655737705 0.028688524590163935 0.004098360655737705 0.004098360655737705 0.012295081967213115 0.004098360655737705 0.004098360655737705 0.020491803278688523 0.012295081967213115 0.12704918032786885 0.036885245901639344 0.004098360655737705 0.004098360655737705 0.004098360655737705 0.004098360655737705 0.004098360655737705 0.004098360655737705 0.004098360655737705 0.028688524590163935 0.012295081967213115 
0.005050505050505051 0.005050505050505051 0.005050505050505051 0.015151515151515152 0.015151515151515152 0.07575757575757576 0.005050505050505051 0.015151515151515152 0.045454545454545456 0.005050505050505051 0.005050505050505051 0.015151515151515152 0.015151515151515152 0.025252525252525252 0.03535353535353535 0.005050505050505051 0.045454545454545456 0.005050505050505051 0.025252525252525252 0.005050505050505051 0.025252525252525252 0.005050505050505051 0.16666666666666666 0.09595959595959595 0.025252525252525252 0.005050505050505051 0.03535353535353535 0.005050505050505051 0.15656565656565657 0.10606060606060606 
0.0045045045045045045 0.03153153153153153 0.013513513513513514 0.02252252252252252 0.013513513513513514 0.013513513513513514 0.013513513513513514 0.07657657657657657 0.0045045045045045045 0.013513513513513514 0.12162162162162163 0.06756756756756757 0.04054054054054054 0.04054054054054054 0.013513513513513514 0.0045045045045045045 0.0045045045045045045 0.15765765765765766 0.013513513513513514 0.04054054054054054 0.0045045045045045045 0.0045045045045045045 0.03153153153153153 0.0045045045045045045 0.0045045045045045045 0.03153153153153153 0.013513513513513514 0.11261261261261261 0.07657657657657657 0.0045045045045045045 
0.0024875621890547263 0.0024875621890547263 0.022388059701492536 0.017412935323383085 0.05721393034825871 0.03233830845771144 0.007462686567164179 0.017412935323383085 0.0024875621890547263 0.02736318407960199 0.007462686567164179 0.017412935323383085 0.007462686567164179 0.0024875621890547263 0.007462686567164179 0.05223880597014925 0.0024875621890547263 0.0024875621890547263 0.2462686567164179 0.07711442786069651 0.007462686567164179 0.0024875621890547263 0.02736318407960199 0.31094527363184077 0.012437810945273632 0.0024875621890547263 0.0024875621890547263 0.007462686567164179 0.0024875621890547263 0.012437810945273632 
0.021739130434782608 0.07971014492753623 0.007246376811594203 0.007246376811594203 0.007246376811594203 0.007246376811594203 0.09420289855072464 0.050724637681159424 0.007246376811594203 0.06521739130434782 0.007246376811594203 0.07971014492753623 0.007246376811594203 0.13768115942028986 0.021739130434782608 0.007246376811594203 0.050724637681159424 0.007246376811594203 0.007246376811594203 0.007246376811594203 0.036231884057971016 0.007246376811594203 0.18115942028985507 0.007246376811594203 0.021739130434782608 0.007246376811594203 0.007246376811594203 0.007246376811594203 0.007246376811594203 0.036231884057971016 
0.006329113924050633 0.006329113924050633 0.06962025316455696 0.006329113924050633 0.0189873417721519 0.006329113924050633 0.006329113924050633 0.006329113924050633 0.006329113924050633 0.006329113924050633 0.03164556962025317 0.006329113924050633 0.03164556962025317 0.0189873417721519 0.03164556962025317 0.04430379746835443 0.0189873417721519 0.006329113924050633 0.006329113924050633 0.43670886075949367 0.006329113924050633 0.006329113924050633 0.006329113924050633 0.12025316455696203 0.04430379746835443 0.006329113924050633 0.006329113924050633 0.006329113924050633 0.006329113924050633 0.0189873417721519 
0.006756756756756757 0.006756756756756757 0.1554054054054054 0.060810810810810814 0.02027027027027027 0.07432432432432433 0.02027027027027027 0.006756756756756757 0.006756756756756757 0.006756756756756757 0.006756756756756757 0.006756756756756757 0.18243243243243243 0.033783783783783786 0.033783783783783786 0.006756756756756757 0.033783783783783786 0.006756756756756757 0.006756756756756757 0.033783783783783786 0.006756756756756757 0.060810810810810814 0.006756756756756757 0.006756756756756757 0.006756756756756757 0.12837837837837837 0.006756756756756757 0.033783783783783786 0.02027027027027027 0.006756756756756757 
0.0035971223021582736 0.07553956834532374 0.0035971223021582736 0.08992805755395683 0.0035971223021582736 0.0035971223021582736 0.01079136690647482 0.0035971223021582736 0.0035971223021582736 0.025179856115107913 0.0035971223021582736 0.0035971223021582736 0.5215827338129496 0.0035971223021582736 0.01079136690647482 0.03237410071942446 0.01079136690647482 0.0035971223021582736 0.0035971223021582736 0.01079136690647482 0.0539568345323741 0.01079136690647482 0.0035971223021582736 0.017985611510791366 0.0035971223021582736 0.017985611510791366 0.017985611510791366 0.0035971223021582736 0.039568345323741004 0.0035971223021582736 
0.013043478260869565 0.004347826086956522 0.021739130434782608 0.13478260869565217 0.0391304347826087 0.013043478260869565 0.030434782608695653 0.021739130434782608 0.030434782608695653 0.1 0.021739130434782608 0.004347826086956522 0.013043478260869565 0.004347826086956522 0.030434782608695653 0.1956521739130435 0.030434782608695653 0.004347826086956522 0.030434782608695653 0.004347826086956522 0.021739130434782608 0.013043478260869565 0.13478260869565217 0.004347826086956522 0.004347826086956522 0.0391304347826087 0.004347826086956522 0.013043478260869565 0.013043478260869565 0.004347826086956522 
0.03968253968253968 0.007936507936507936 0.03968253968253968 0.0873015873015873 0.05555555555555555 0.007936507936507936 0.007936507936507936 0.007936507936507936 0.023809523809523808 0.11904761904761904 0.023809523809523808 0.007936507936507936 0.007936507936507936 0.023809523809523808 0.023809523809523808 0.007936507936507936 0.007936507936507936 0.007936507936507936 0.07142857142857142 0.23015873015873015 0.007936507936507936 0.007936507936507936 0.007936507936507936 0.007936507936507936 0.007936507936507936 0.007936507936507936 0.007936507936507936 0.007936507936507936 0.0873015873015873 0.03968253968253968 
0.005376344086021506 0.1989247311827957 0.005376344086021506 0.005376344086021506 0.005376344086021506 0.08064516129032258 0.005376344086021506 0.005376344086021506 0.005376344086021506 0.05913978494623656 0.04838709677419355 0.005376344086021506 0.005376344086021506 0.016129032258064516 0.016129032258064516 0.15591397849462366 0.005376344086021506 0.005376344086021506 0.005376344086021506 0.005376344086021506 0.005376344086021506 0.016129032258064516 0.016129032258064516 0.20967741935483872 0.026881720430107527 0.005376344086021506 0.005376344086021506 0.05913978494623656 0.005376344086021506 0.005376344086021506 
0.011904761904761904 0.011904761904761904 0.011904761904761904 0.10714285714285714 0.011904761904761904 0.011904761904761904 0.011904761904761904 0.011904761904761904 0.011904761904761904 0.011904761904761904 0.011904761904761904 0.011904761904761904 0.05952380952380952 0.17857142857142858 0.03571428571428571 0.03571428571428571 0.10714285714285714 0.011904761904761904 0.011904761904761904 0.011904761904761904 0.13095238095238096 0.011904761904761904 0.03571428571428571 0.011904761904761904 0.03571428571428571 0.011904761904761904 0.011904761904761904 0.03571428571428571 0.011904761904761904 0.011904761904761904 
0.022058823529411766 0.051470588235294115 0.007352941176470588 0.007352941176470588 0.007352941176470588 0.007352941176470588 0.022058823529411766 0.09558823529411764 0.007352941176470588 0.08088235294117647 0.022058823529411766 0.007352941176470588 0.007352941176470588 0.007352941176470588 0.03676470588235294 0.125 0.022058823529411766 0.007352941176470588 0.007352941176470588 0.022058823529411766 0.007352941176470588 0.007352941176470588 0.03676470588235294 0.007352941176470588 0.007352941176470588 0.007352941176470588 0.27205882352941174 0.007352941176470588 0.007352941176470588 0.0661764705882353 
0.0049504950495049506 0.024752475247524754 0.0049504950495049506 0.0049504950495049506 0.054455445544554455 0.0049504950495049506 0.01485148514851485 0.0049504950495049506 0.400990099009901 0.0049504950495049506 0.024752475247524754 0.0049504950495049506 0.0049504950495049506 0.01485148514851485 0.04455445544554455 0.08415841584158416 0.0049504950495049506 0.0049504950495049506 0.0049504950495049506 0.0049504950495049506 0.024752475247524754 0.12376237623762376 0.01485148514851485 0.0049504950495049506 0.01485148514851485 0.024752475247524754 0.0049504950495049506 0.0049504950495049506 0.04455445544554455 0.01485148514851485 
0.003703703703703704 0.003703703703703704 0.12222222222222222 0.025925925925925925 0.16666666666666666 0.025925925925925925 0.018518518518518517 0.025925925925925925 0.018518518518518517 0.003703703703703704 0.040740740740740744 0.025925925925925925 0.003703703703703704 0.07777777777777778 0.03333333333333333 0.003703703703703704 0.29259259259259257 0.003703703703703704 0.003703703703703704 0.003703703703703704 0.011111111111111112 0.003703703703703704 0.003703703703703704 0.003703703703703704 0.025925925925925925 0.018518518518518517 0.003703703703703704 0.011111111111111112 0.011111111111111112 0.003703703703703704 
0.07894736842105263 0.008771929824561403 0.008771929824561403 0.008771929824561403 0.043859649122807015 0.008771929824561403 0.008771929824561403 0.008771929824561403 0.09649122807017543 0.008771929824561403 0.008771929824561403 0.008771929824561403 0.008771929824561403 0.008771929824561403 0.008771929824561403 0.06140350877192982 0.008771929824561403 0.008771929824561403 0.02631578947368421 0.02631578947368421 0.008771929824561403 0.043859649122807015 0.07894736842105263 0.008771929824561403 0.043859649122807015 0.06140350877192982 0.043859649122807015 0.09649122807017543 0.09649122807017543 0.06140350877192982 
0.014285714285714285 0.014285714285714285 0.014285714285714285 0.014285714285714285 0.014285714285714285 0.07142857142857142 0.07142857142857142 0.04285714285714286 0.014285714285714285 0.014285714285714285 0.014285714285714285 0.15714285714285714 0.014285714285714285 0.04285714285714286 0.014285714285714285 0.04285714285714286 0.04285714285714286 0.014285714285714285 0.014285714285714285 0.014285714285714285 0.014285714285714285 0.04285714285714286 0.014285714285714285 0.014285714285714285 0.12857142857142856 0.04285714285714286 0.014285714285714285 0.014285714285714285 0.014285714285714285 0.04285714285714286 
0.004424778761061947 0.01327433628318584 0.004424778761061947 0.01327433628318584 0.09292035398230089 0.004424778761061947 0.004424778761061947 0.004424778761061947 0.05752212389380531 0.004424778761061947 0.004424778761061947 0.13716814159292035 0.01327433628318584 0.18141592920353983 0.004424778761061947 0.022123893805309734 0.022123893805309734 0.004424778761061947 0.004424778761061947 0.022123893805309734 0.030973451327433628 0.048672566371681415 0.05752212389380531 0.03982300884955752 0.004424778761061947 0.01327433628318584 0.11946902654867257 0.03982300884955752 0.022123893805309734 0.004424778761061947 
0.012605042016806723 0.07983193277310924 0.004201680672268907 0.012605042016806723 0.3067226890756303 0.02100840336134454 0.004201680672268907 0.004201680672268907 0.004201680672268907 0.012605042016806723 0.004201680672268907 0.10504201680672269 0.08823529411764706 0.18907563025210083 0.004201680672268907 0.037815126050420166 0.004201680672268907 0.004201680672268907 0.012605042016806723 0.012605042016806723 0.02100840336134454 0.004201680672268907 0.004201680672268907 0.012605042016806723 0.004201680672268907 0.012605042016806723 0.004201680672268907 0.004201680672268907 0.004201680672268907 0.004201680672268907 
