0.004807692307692308 0.004807692307692308 0.004807692307692308 0.052884615384615384 0.09134615384615384 0.004807692307692308 0.39903846153846156 0.004807692307692308 0.004807692307692308 0.004807692307692308 0.004807692307692308 0.014423076923076924 0.014423076923076924 0.02403846153846154 0.004807692307692308 0.014423076923076924 0.04326923076923077 0.004807692307692308 0.004807692307692308 0.004807692307692308 0.02403846153846154 0.004807692307692308 0.02403846153846154 0.004807692307692308 0.004807692307692308 0.14903846153846154 0.04326923076923077 0.004807692307692308 0.004807692307692308 0.02403846153846154 
0.008064516129032258 0.024193548387096774 0.024193548387096774 0.024193548387096774 0.008064516129032258 0.008064516129032258 0.12096774193548387 0.008064516129032258 0.07258064516129033 0.008064516129032258 0.024193548387096774 0.08870967741935484 0.024193548387096774 0.07258064516129033 0.008064516129032258 0.024193548387096774 0.024193548387096774 0.008064516129032258 0.008064516129032258 0.008064516129032258 0.008064516129032258 0.024193548387096774 0.18548387096774194 0.056451612903225805 0.024193548387096774 0.04032258064516129 0.008064516129032258 0.008064516129032258 0.024193548387096774 0.024193548387096774 
0.005494505494505495 0.005494505494505495 0.016483516483516484 0.005494505494505495 0.005494505494505495 0.016483516483516484 0.005494505494505495 0.005494505494505495 0.17032967032967034 0.13736263736263737 0.016483516483516484 0.005494505494505495 0.005494505494505495 0.005494505494505495 0.005494505494505495 0.005494505494505495 0.005494505494505495 0.12637362637362637 0.005494505494505495 0.17032967032967034 0.04945054945054945 0.016483516483516484 0.005494505494505495 0.005494505494505495 0.005494505494505495 0.005494505494505495 0.17032967032967034 0.005494505494505495 0.005494505494505495 0.005494505494505495 
0.01293103448275862 0.03017241379310345 0.03879310344827586 0.004310344827586207 0.08189655172413793 0.004310344827586207 0.01293103448275862 0.01293103448275862 0.004310344827586207 0.004310344827586207 0.021551724137931036 0.004310344827586207 0.01293103448275862 0.004310344827586207 0.04741379310344827 0.004310344827586207 0.004310344827586207 0.004310344827586207 0.004310344827586207 0.04741379310344827 0.2025862068965517 0.004310344827586207 0.05603448275862069 0.004310344827586207 0.004310344827586207 0.08189655172413793 0.03017241379310345 0.004310344827586207 0.004310344827586207 0.24568965517241378 
0.013157894736842105 0.03070175438596491 0.0043859649122807015 0.0043859649122807015 0.0043859649122807015 0.0043859649122807015 0.05701754385964912 0.04824561403508772 0.0043859649122807015 0.0043859649122807015 0.013157894736842105 0.05701754385964912 0.25 0.013157894736842105 0.013157894736842105 0.37280701754385964 0.013157894736842105 0.0043859649122807015 0.0043859649122807015 0.0043859649122807015 0.0043859649122807015 0.0043859649122807015 0.021929824561403508 0.0043859649122807015 0.013157894736842105 0.0043859649122807015 0.013157894736842105 0.0043859649122807015 0.0043859649122807015 0.0043859649122807015 
0.00819672131147541 0.00819672131147541 0.00819672131147541 0.00819672131147541 0.00819672131147541 0.10655737704918032 0.12295081967213115 0.00819672131147541 0.040983606557377046 0.02459016393442623 0.00819672131147541 0.00819672131147541 0.02459016393442623 0.00819672131147541 0.02459016393442623 0.02459016393442623 0.3524590163934426 0.00819672131147541 0.00819672131147541 0.00819672131147541 0.02459016393442623 0.02459016393442623 0.02459016393442623 0.02459016393442623 0.02459016393442623 0.00819672131147541 0.00819672131147541 0.02459016393442623 0.00819672131147541 0.00819672131147541 
0.015625 0.036458333333333336 0.015625 0.08854166666666667 0.005208333333333333 0.015625 0.005208333333333333 0.005208333333333333 0.036458333333333336 0.005208333333333333 0.08854166666666667 0.06770833333333333 0.24479166666666666 0.005208333333333333 0.005208333333333333 0.005208333333333333 0.005208333333333333 0.005208333333333333 0.005208333333333333 0.005208333333333333 0.005208333333333333 0.005208333333333333 0.005208333333333333 0.2552083333333333 0.005208333333333333 0.036458333333333336 0.005208333333333333 0.005208333333333333 0.005208333333333333 0.005208333333333333 
0.007575757575757576 0.05303030303030303 0.007575757575757576 0.03787878787878788 0.007575757575757576 0.007575757575757576 0.007575757575757576 0.007575757575757576 0.007575757575757576 0.06818181818181818 0.05303030303030303 0.007575757575757576 0.1590909090909091 0.03787878787878788 0.007575757575757576 0.022727272727272728 0.022727272727272728 0.007575757575757576 0.007575757575757576 0.06818181818181818 0.1590909090909091 0.007575757575757576 0.022727272727272728 0.06818181818181818 0.007575757575757576 0.007575757575757576 0.007575757575757576 0.007575757575757576 0.007575757575757576 0.09848484848484848 
0.04276315789473684 0.003289473684210526 0.003289473684210526 0.029605263157894735 0.03618421052631579 0.3125 0.14802631578947367 0.01644736842105263 0.003289473684210526 0.003289473684210526 0.003289473684210526 0.03618421052631579 0.003289473684210526 0.003289473684210526 0.009868421052631578 0.03618421052631579 0.003289473684210526 0.03618421052631579 0.003289473684210526 0.003289473684210526 0.003289473684210526 0.003289473684210526 0.22039473684210525 0.003289473684210526 0.003289473684210526 0.003289473684210526 0.01644736842105263 0.003289473684210526 0.003289473684210526 0.003289473684210526 
0.00423728813559322 0.0211864406779661 0.00423728813559322 0.012711864406779662 0.0635593220338983 0.038135593220338986 0.09745762711864407 0.25 0.0211864406779661 0.0635593220338983 0.00423728813559322 0.00423728813559322 0.08050847457627118 0.00423728813559322 0.038135593220338986 0.038135593220338986 0.08050847457627118 0.00423728813559322 0.00423728813559322 0.0211864406779661 0.029661016949152543 0.012711864406779662 0.0635593220338983 0.00423728813559322 0.00423728813559322 0.00423728813559322 0.00423728813559322 0.012711864406779662 0.00423728813559322 0.00423728813559322 
0.006024096385542169 0.006024096385542169 0.018072289156626505 0.030120481927710843 0.018072289156626505 0.030120481927710843 0.0783132530120482 0.006024096385542169 0.05421686746987952 0.006024096385542169 0.006024096385542169 0.018072289156626505 0.006024096385542169 0.006024096385542169 0.16265060240963855 0.006024096385542169 0.10240963855421686 0.06626506024096386 0.006024096385542169 0.006024096385542169 0.030120481927710843 0.006024096385542169 0.018072289156626505 0.21084337349397592 0.006024096385542169 0.030120481927710843 0.030120481927710843 0.006024096385542169 0.018072289156626505 0.006024096385542169 
0.1141732283464567 0.011811023622047244 0.003937007874015748 0.0984251968503937 0.003937007874015748 0.38976377952755903 0.003937007874015748 0.03543307086614173 0.003937007874015748 0.003937007874015748 0.03543307086614173 0.003937007874015748 0.027559055118110236 0.011811023622047244 0.03543307086614173 0.027559055118110236 0.04330708661417323 0.003937007874015748 0.003937007874015748 0.003937007874015748 0.06692913385826772 0.003937007874015748 0.01968503937007874 0.003937007874015748 0.011811023622047244 0.003937007874015748 0.003937007874015748 0.003937007874015748 0.011811023622047244 0.003937007874015748 
0.019736842105263157 0.006578947368421052 0.019736842105263157 0.03289473684210526 0.006578947368421052 0.125 0.17763157894736842 0.006578947368421052 0.006578947368421052 0.006578947368421052 0.006578947368421052 0.006578947368421052 0.006578947368421052 0.006578947368421052 0.20394736842105263 0.006578947368421052 0.07236842105263158 0.006578947368421052 0.019736842105263157 0.03289473684210526 0.07236842105263158 0.006578947368421052 0.006578947368421052 0.006578947368421052 0.006578947368421052 0.07236842105263158 0.006578947368421052 0.006578947368421052 0.03289473684210526 0.006578947368421052 
0.014563106796116505 0.014563106796116505 0.043689320388349516 0.0048543689320388345 0.03398058252427184 0.0048543689320388345 0.18932038834951456 0.014563106796116505 0.0048543689320388345 0.0048543689320388345 0.014563106796116505 0.0048543689320388345 0.0048543689320388345 0.0048543689320388345 0.16019417475728157 0.014563106796116505 0.0048543689320388345 0.014563106796116505 0.0048543689320388345 0.03398058252427184 0.03398058252427184 0.03398058252427184 0.1796116504854369 0.0048543689320388345 0.014563106796116505 0.09223300970873786 0.014563106796116505 0.0048543689320388345 0.0048543689320388345 0.024271844660194174 
0.00909090909090909 0.00909090909090909 0.00909090909090909 0.02727272727272727 0.00909090909090909 0.00909090909090909 0.00909090909090909 0.00909090909090909 0.00909090909090909 0.02727272727272727 0.02727272727272727 0.00909090909090909 0.00909090909090909 0.00909090909090909 0.02727272727272727 0.00909090909090909 0.00909090909090909 0.00909090909090909 0.24545454545454545 0.045454545454545456 0.00909090909090909 0.06363636363636363 0.00909090909090909 0.00909090909090909 0.00909090909090909 0.02727272727272727 0.045454545454545456 0.2636363636363636 0.02727272727272727 0.00909090909090909 
0.015463917525773196 0.02577319587628866 0.005154639175257732 0.02577319587628866 0.005154639175257732 0.20103092783505155 0.015463917525773196 0.005154639175257732 0.005154639175257732 0.005154639175257732 0.005154639175257732 0.02577319587628866 0.005154639175257732 0.005154639175257732 0.22164948453608246 0.005154639175257732 0.005154639175257732 0.02577319587628866 0.005154639175257732 0.015463917525773196 0.005154639175257732 0.005154639175257732 0.11855670103092783 0.015463917525773196 0.005154639175257732 0.0979381443298969 0.015463917525773196 0.07731958762886598 0.02577319587628866 0.005154639175257732 
0.015625 0.046875 0.015625 0.005208333333333333 0.036458333333333336 0.015625 0.005208333333333333 0.109375 0.005208333333333333 0.015625 0.015625 0.036458333333333336 0.046875 0.005208333333333333 0.09895833333333333 0.026041666666666668 0.234375 0.005208333333333333 0.005208333333333333 0.005208333333333333 0.109375 0.015625 0.015625 0.005208333333333333 0.005208333333333333 0.036458333333333336 0.005208333333333333 0.005208333333333333 0.015625 0.036458333333333336 
0.004424778761061947 0.10176991150442478 0.004424778761061947 0.004424778761061947 0.01327433628318584 0.004424778761061947 0.030973451327433628 0.03982300884955752 0.022123893805309734 0.048672566371681415 0.004424778761061947 0.28761061946902655 0.004424778761061947 0.004424778761061947 0.030973451327433628 0.004424778761061947 0.022123893805309734 0.004424778761061947 0.022123893805309734 0.01327433628318584 0.004424778761061947 0.048672566371681415 0.14601769911504425 0.01327433628318584 0.004424778761061947 0.09292035398230089 0.004424778761061947 0.004424778761061947 0.004424778761061947 0.004424778761061947 
0.005813953488372093 0.3430232558139535 0.005813953488372093 0.06395348837209303 0.029069767441860465 0.13372093023255813 0.05232558139534884 0.005813953488372093 0.005813953488372093 0.005813953488372093 0.005813953488372093 0.11046511627906977 0.029069767441860465 0.005813953488372093 0.005813953488372093 0.005813953488372093 0.005813953488372093 0.005813953488372093 0.005813953488372093 0.005813953488372093 0.029069767441860465 0.01744186046511628 0.01744186046511628 0.005813953488372093 0.005813953488372093 0.040697674418604654 0.005813953488372093 0.01744186046511628 0.005813953488372093 0.01744186046511628 
0.02027027027027027 0.006756756756756757 0.02027027027027027 0.006756756756756757 0.006756756756756757 0.006756756756756757 0.006756756756756757 0.006756756756756757 0.27702702702702703 0.10135135135135136 0.060810810810810814 0.060810810810810814 0.02027027027027027 0.006756756756756757 0.006756756756756757 0.006756756756756757 0.02027027027027027 0.14189189189189189 0.006756756756756757 0.060810810810810814 0.006756756756756757 0.006756756756756757 0.02027027027027027 0.006756756756756757 0.033783783783783786 0.006756756756756757 0.033783783783783786 0.006756756756756757 0.006756756756756757 0.02027027027027027 
0.06521739130434782 0.004347826086956522 0.013043478260869565 0.004347826086956522 0.013043478260869565 0.0391304347826087 0.013043478260869565 0.05652173913043478 0.06521739130434782 0.08260869565217391 0.030434782608695653 0.004347826086956522 0.004347826086956522 0.11739130434782609 0.021739130434782608 0.004347826086956522 0.18695652173913044 0.021739130434782608 0.04782608695652174 0.013043478260869565 0.013043478260869565 0.013043478260869565 0.004347826086956522 0.004347826086956522 0.004347826086956522 0.0391304347826087 0.07391304347826087 0.013043478260869565 0.021739130434782608 0.004347826086956522 
0.008928571428571428 0.08035714285714286 0.008928571428571428 0.008928571428571428 0.026785714285714284 0.008928571428571428 0.008928571428571428 0.08035714285714286 0.008928571428571428 0.026785714285714284 0.008928571428571428 0.16964285714285715 0.008928571428571428 0.008928571428571428 0.026785714285714284 0.008928571428571428 0.0625 0.026785714285714284 0.008928571428571428 0.008928571428571428 0.044642857142857144 0.008928571428571428 0.008928571428571428 0.026785714285714284 0.008928571428571428 0.22321428571428573 0.026785714285714284 0.008928571428571428 0.026785714285714284 0.008928571428571428 
0.005555555555555556 0.005555555555555556 0.005555555555555556 0.005555555555555556 0.016666666666666666 0.005555555555555556 0.03888888888888889 0.005555555555555556 0.005555555555555556 0.016666666666666666 0.005555555555555556 0.005555555555555556 0.06111111111111111 0.016666666666666666 0.016666666666666666 0.005555555555555556 0.005555555555555556 0.005555555555555556 0.1388888888888889 0.09444444444444444 0.005555555555555556 0.016666666666666666 0.07222222222222222 0.20555555555555555 0.005555555555555556 0.10555555555555556 0.005555555555555556 0.005555555555555556 0.016666666666666666 0.09444444444444444 
0.004347826086956522 0.013043478260869565 0.004347826086956522 0.021739130434782608 0.004347826086956522 0.030434782608695653 0.004347826086956522 0.030434782608695653 0.004347826086956522 0.004347826086956522 0.004347826086956522 0.021739130434782608 0.013043478260869565 0.004347826086956522 0.12608695652173912 0.13478260869565217 0.0391304347826087 0.013043478260869565 0.07391304347826087 0.004347826086956522 0.04782608695652174 0.013043478260869565 0.004347826086956522 0.20434782608695654 0.004347826086956522 0.004347826086956522 0.004347826086956522 0.004347826086956522 0.13478260869565217 0.021739130434782608 
0.08208955223880597 0.007462686567164179 0.007462686567164179 0.022388059701492536 0.05223880597014925 0.007462686567164179 0.007462686567164179 0.007462686567164179 0.007462686567164179 0.03731343283582089 0.3358208955223881 0.007462686567164179 0.007462686567164179 0.007462686567164179 0.03731343283582089 0.05223880597014925 0.007462686567164179 0.007462686567164179 0.007462686567164179 0.022388059701492536 0.007462686567164179 0.05223880597014925 0.022388059701492536 0.007462686567164179 0.007462686567164179 0.022388059701492536 0.007462686567164179 0.03731343283582089 0.03731343283582089 0.06716417910447761 
0.006944444444444444 0.006944444444444444 0.006944444444444444 0.006944444444444444 0.04861111111111111 0.3263888888888889 0.04861111111111111 0.0625 0.006944444444444444 0.006944444444444444 0.006944444444444444 0.0625 0.020833333333333332 0.13194444444444445 0.006944444444444444 0.04861111111111111 0.006944444444444444 0.04861111111111111 0.006944444444444444 0.006944444444444444 0.006944444444444444 0.006944444444444444 0.006944444444444444 0.006944444444444444 0.020833333333333332 0.034722222222222224 0.020833333333333332 0.006944444444444444 0.006944444444444444 0.006944444444444444 
0.004464285714285714 0.004464285714285714 0.004464285714285714 0.049107142857142856 0.004464285714285714 0.004464285714285714 0.004464285714285714 0.03125 0.12946428571428573 0.05803571428571429 0.004464285714285714 0.004464285714285714 0.004464285714285714 0.004464285714285714 0.004464285714285714 0.022321428571428572 0.004464285714285714 0.004464285714285714 0.004464285714285714 0.004464285714285714 0.004464285714285714 0.29017857142857145 0.16517857142857142 0.013392857142857142 0.004464285714285714 0.022321428571428572 0.004464285714285714 0.10267857142857142 0.03125 0.004464285714285714 
0.056818181818181816 0.011363636363636364 0.0946969696969697 0.003787878787878788 0.03409090909090909 0.003787878787878788 0.011363636363636364 0.003787878787878788 0.011363636363636364 0.003787878787878788 0.26136363636363635 0.011363636363636364 0.011363636363636364 0.003787878787878788 0.04924242424242424 0.041666666666666664 0.003787878787878788 0.011363636363636364 0.01893939393939394 0.011363636363636364 0.04924242424242424 0.003787878787878788 0.026515151515151516 0.04924242424242424 0.003787878787878788 0.011363636363636364 0.026515151515151516 0.10984848484848485 0.003787878787878788 0.056818181818181816 
0.018518518518518517 0.12962962962962962 0.018518518518518517 0.018518518518518517 0.05555555555555555 0.05555555555555555 0.018518518518518517 0.018518518518518517 0.018518518518518517 0.018518518518518517 0.018518518518518517 0.018518518518518517 0.018518518518518517 0.018518518518518517 0.018518518518518517 0.018518518518518517 0.09259259259259259 0.018518518518518517 0.018518518518518517 0.018518518518518517 0.05555555555555555 0.018518518518518517 0.018518518518518517 0.018518518518518517 0.05555555555555555 0.09259259259259259 0.018518518518518517 0.05555555555555555 0.018518518518518517 0.018518518518518517 
0.039285714285714285 0.010714285714285714 0.0035714285714285713 0.08214285714285714 0.010714285714285714 0.0035714285714285713 0.0035714285714285713 0.017857142857142856 0.010714285714285714 0.0035714285714285713 0.017857142857142856 0.05357142857142857 0.0035714285714285713 0.03214285714285714 0.125 0.0035714285714285713 0.0035714285714285713 0.0035714285714285713 0.0035714285714285713 0.11785714285714285 0.0035714285714285713 0.0035714285714285713 0.0035714285714285713 0.0035714285714285713 0.075 0.16785714285714284 0.017857142857142856 0.0035714285714285713 0.017857142857142856 0.15357142857142858 
0.3271604938271605 0.006172839506172839 0.006172839506172839 0.05555555555555555 0.006172839506172839 0.018518518518518517 0.006172839506172839 0.006172839506172839 0.006172839506172839 0.006172839506172839 0.006172839506172839 0.006172839506172839 0.018518518518518517 0.006172839506172839 0.2777777777777778 0.018518518518518517 0.006172839506172839 0.006172839506172839 0.08024691358024691 0.030864197530864196 0.043209876543209874 0.006172839506172839 0.006172839506172839 0.006172839506172839 0.006172839506172839 0.006172839506172839 0.006172839506172839 0.006172839506172839 0.006172839506172839 0.006172839506172839 
0.005 0.005 0.185 0.085 0.035 0.005 0.005 0.005 0.015 0.005 0.035 0.015 0.035 0.035 0.005 0.065 0.005 0.005 0.025 0.015 0.165 0.005 0.095 0.005 0.005 0.045 0.005 0.035 0.005 0.045 
0.018072289156626505 0.006024096385542169 0.10240963855421686 0.006024096385542169 0.018072289156626505 0.018072289156626505 0.006024096385542169 0.006024096385542169 0.018072289156626505 0.018072289156626505 0.006024096385542169 0.018072289156626505 0.006024096385542169 0.006024096385542169 0.006024096385542169 0.006024096385542169 0.006024096385542169 0.05421686746987952 0.10240963855421686 0.0783132530120482 0.006024096385542169 0.018072289156626505 0.006024096385542169 0.06626506024096386 0.006024096385542169 0.006024096385542169 0.05421686746987952 0.21084337349397592 0.10240963855421686 0.018072289156626505 
0.007142857142857143 0.12142857142857143 0.02142857142857143 0.007142857142857143 0.02142857142857143 0.02142857142857143 0.007142857142857143 0.15 0.007142857142857143 0.007142857142857143 0.02142857142857143 0.02142857142857143 0.007142857142857143 0.007142857142857143 0.06428571428571428 0.05 0.007142857142857143 0.007142857142857143 0.007142857142857143 0.007142857142857143 0.07857142857142857 0.02142857142857143 0.03571428571428571 0.06428571428571428 0.007142857142857143 0.007142857142857143 0.007142857142857143 0.007142857142857143 0.19285714285714287 0.007142857142857143 
0.0125 0.37083333333333335 0.004166666666666667 0.029166666666666667 0.0125 0.04583333333333333 0.09583333333333334 0.004166666666666667 0.020833333333333332 0.029166666666666667 0.0125 0.0125 0.020833333333333332 0.0125 0.0125 0.0125 0.004166666666666667 0.004166666666666667 0.004166666666666667 0.020833333333333332 0.004166666666666667 0.004166666666666667 0.004166666666666667 0.004166666666666667 0.004166666666666667 0.22083333333333333 0.004166666666666667 0.004166666666666667 0.004166666666666667 0.004166666666666667 
0.014285714285714285 0.004761904761904762 0.004761904761904762 0.03333333333333333 0.004761904761904762 0.004761904761904762 0.004761904761904762 0.004761904761904762 0.05238095238095238 0.1 0.004761904761904762 0.03333333333333333 0.004761904761904762 0.004761904761904762 0.004761904761904762 0.08095238095238096 0.004761904761904762 0.004761904761904762 0.18571428571428572 0.014285714285714285 0.014285714285714285 0.014285714285714285 0.014285714285714285 0.004761904761904762 0.28095238095238095 0.023809523809523808 0.004761904761904762 0.05238095238095238 0.014285714285714285 0.004761904761904762 
0.00625 0.00625 0.00625 0.03125 0.05625 0.00625 0.00625 0.01875 0.03125 0.00625 0.00625 0.00625 0.00625 0.03125 0.00625 0.00625 0.09375 0.00625 0.00625 0.01875 0.00625 0.04375 0.28125 0.00625 0.00625 0.03125 0.03125 0.00625 0.19375 0.03125 
0.005434782608695652 0.005434782608695652 0.059782608695652176 0.005434782608695652 0.005434782608695652 0.005434782608695652 0.005434782608695652 0.005434782608695652 0.016304347826086956 0.016304347826086956 0.005434782608695652 0.016304347826086956 0.016304347826086956 0.03804347826086957 0.19021739130434784 0.005434782608695652 0.005434782608695652 0.005434782608695652 0.125 0.005434782608695652 0.005434782608695652 0.005434782608695652 0.02717391304347826 0.11413043478260869 0.005434782608695652 0.005434782608695652 0.016304347826086956 0.005434782608695652 0.059782608695652176 0.21195652173913043 
0.033783783783783786 0.02027027027027027 0.006756756756756757 0.006756756756756757 0.02027027027027027 0.006756756756756757 0.14189189189189189 0.006756756756756757 0.006756756756756757 0.02027027027027027 0.006756756756756757 0.060810810810810814 0.006756756756756757 0.033783783783783786 0.19594594594594594 0.006756756756756757 0.12837837837837837 0.006756756756756757 0.033783783783783786 0.006756756756756757 0.006756756756756757 0.02027027027027027 0.033783783783783786 0.02027027027027027 0.006756756756756757 0.006756756756756757 0.10135135135135136 0.033783783783783786 0.006756756756756757 0.006756756756756757 
0.005434782608695652 0.005434782608695652 0.32065217391304346 0.005434782608695652 0.016304347826086956 0.005434782608695652 0.005434782608695652 0.125 0.016304347826086956 0.02717391304347826 0.005434782608695652 0.005434782608695652 0.10326086956521739 0.005434782608695652 0.02717391304347826 0.07065217391304347 0.005434782608695652 0.016304347826086956 0.04891304347826087 0.02717391304347826 0.005434782608695652 0.005434782608695652 0.016304347826086956 0.02717391304347826 0.005434782608695652 0.005434782608695652 0.016304347826086956 0.005434782608695652 0.059782608695652176 0.005434782608695652 
0.04230769230769231 0.03461538461538462 0.026923076923076925 0.0038461538461538464 0.019230769230769232 0.0038461538461538464 0.10384615384615385 0.0038461538461538464 0.011538461538461539 0.0038461538461538464 0.011538461538461539 0.0038461538461538464 0.0038461538461538464 0.4115384615384615 0.05 0.0038461538461538464 0.0038461538461538464 0.0038461538461538464 0.0038461538461538464 0.011538461538461539 0.0038461538461538464 0.03461538461538462 0.019230769230769232 0.09615384615384616 0.011538461538461539 0.011538461538461539 0.0038461538461538464 0.0038461538461538464 0.05 0.0038461538461538464 
0.12337662337662338 0.006493506493506494 0.006493506493506494 0.01948051948051948 0.006493506493506494 0.006493506493506494 0.006493506493506494 0.006493506493506494 0.09740259740259741 0.01948051948051948 0.045454545454545456 0.045454545454545456 0.045454545454545456 0.006493506493506494 0.17532467532467533 0.006493506493506494 0.006493506493506494 0.006493506493506494 0.05844155844155844 0.032467532467532464 0.006493506493506494 0.05844155844155844 0.01948051948051948 0.032467532467532464 0.05844155844155844 0.045454545454545456 0.006493506493506494 0.032467532467532464 0.006493506493506494 0.006493506493506494 
0.004545454545454545 0.004545454545454545 0.004545454545454545 0.013636363636363636 0.07727272727272727 0.004545454545454545 0.09545454545454546 0.004545454545454545 0.013636363636363636 0.013636363636363636 0.013636363636363636 0.004545454545454545 0.022727272727272728 0.004545454545454545 0.5136363636363637 0.004545454545454545 0.09545454545454546 0.004545454545454545 0.004545454545454545 0.004545454545454545 0.004545454545454545 0.004545454545454545 0.004545454545454545 0.013636363636363636 0.004545454545454545 0.004545454545454545 0.004545454545454545 0.04090909090909091 0.004545454545454545 0.004545454545454545 
0.008064516129032258 0.008064516129032258 0.008064516129032258 0.056451612903225805 0.1693548387096774 0.12096774193548387 0.008064516129032258 0.008064516129032258 0.008064516129032258 0.008064516129032258 0.008064516129032258 0.1532258064516129 0.008064516129032258 0.008064516129032258 0.008064516129032258 0.1532258064516129 0.008064516129032258 0.008064516129032258 0.008064516129032258 0.024193548387096774 0.04032258064516129 0.008064516129032258 0.056451612903225805 0.008064516129032258 0.008064516129032258 0.008064516129032258 0.008064516129032258 0.008064516129032258 0.008064516129032258 0.056451612903225805 
0.004201680672268907 0.004201680672268907 0.09663865546218488 0.004201680672268907 0.004201680672268907 0.08823529411764706 0.02100840336134454 0.012605042016806723 0.004201680672268907 0.0546218487394958 0.02100840336134454 0.012605042016806723 0.046218487394957986 0.23109243697478993 0.07983193277310924 0.037815126050420166 0.029411764705882353 0.012605042016806723 0.004201680672268907 0.004201680672268907 0.1722689075630252 0.004201680672268907 0.004201680672268907 0.004201680672268907 0.004201680672268907 0.012605042016806723 0.012605042016806723 0.004201680672268907 0.004201680672268907 0.004201680672268907 
0.005747126436781609 0.43103448275862066 0.005747126436781609 0.09770114942528736 0.017241379310344827 0.028735632183908046 0.040229885057471264 0.005747126436781609 0.005747126436781609 0.005747126436781609 0.005747126436781609 0.05172413793103448 0.08620689655172414 0.005747126436781609 0.017241379310344827 0.017241379310344827 0.028735632183908046 0.005747126436781609 0.017241379310344827 0.005747126436781609 0.005747126436781609 0.005747126436781609 0.05172413793103448 0.017241379310344827 0.005747126436781609 0.005747126436781609 0.005747126436781609 0.005747126436781609 0.005747126436781609 0.005747126436781609 
0.0873015873015873 0.023809523809523808 0.007936507936507936 0.023809523809523808 0.007936507936507936 0.023809523809523808 0.1349206349206349 0.007936507936507936 0.023809523809523808 0.007936507936507936 0.03968253968253968 0.03968253968253968 0.023809523809523808 0.023809523809523808 0.03968253968253968 0.007936507936507936 0.007936507936507936 0.023809523809523808 0.023809523809523808 0.007936507936507936 0.007936507936507936 0.007936507936507936 0.007936507936507936 0.05555555555555555 0.023809523809523808 0.023809523809523808 0.023809523809523808 0.007936507936507936 0.023809523809523808 0.23015873015873015 
0.3073770491803279 0.012295081967213115 0.028688524590163935 0.020491803278688523 0.028688524590163935 0.004098360655737705 0.012295081967213115 0.14344262295081966 0.004098360655737705 0.004098360655737705 0.004098360655737705 0.06147540983606557 0.004098360655737705 0.004098360655737705 0.045081967213114756 0.004098360655737705 0.004098360655737705 0.036885245901639344 0.020491803278688523 0.11885245901639344 0.004098360655737705 0.004098360655737705 0.028688524590163935 0.004098360655737705 0.06967213114754098 0.004098360655737705 0.004098360655737705 0.004098360655737705 0.004098360655737705 0.004098360655737705 
0.005050505050505051 0.005050505050505051 0.005050505050505051 0.005050505050505051 0.045454545454545456 0.045454545454545456 0.025252525252525252 0.015151515151515152 0.005050505050505051 0.005050505050505051 0.005050505050505051 0.14646464646464646 0.005050505050505051 0.015151515151515152 0.005050505050505051 0.015151515151515152 0.15656565656565657 0.005050505050505051 0.005050505050505051 0.005050505050505051 0.005050505050505051 0.005050505050505051 0.10606060606060606 0.015151515151515152 0.005050505050505051 0.005050505050505051 0.005050505050505051 0.005050505050505051 0.19696969696969696 0.12626262626262627 
0.013513513513513514 0.04954954954954955 0.0045045045045045045 0.013513513513513514 0.02252252252252252 0.0045045045045045045 0.013513513513513514 0.07657657657657657 0.03153153153153153 0.013513513513513514 0.28378378378378377 0.05855855855855856 0.03153153153153153 0.02252252252252252 0.0045045045045045045 0.0045045045045045045 0.02252252252252252 0.0945945945945946 0.013513513513513514 0.013513513513513514 0.0045045045045045045 0.04054054054054054 0.03153153153153153 0.0045045045045045045 0.013513513513513514 0.0045045045045045045 0.013513513513513514 0.0045045045045045045 0.08558558558558559 0.0045045045045045045 
0.007462686567164179 0.007462686567164179 0.007462686567164179 0.0472636815920398 0.04228855721393035 0.012437810945273632 0.007462686567164179 0.022388059701492536 0.012437810945273632 0.0024875621890547263 0.03731343283582089 0.02736318407960199 0.0024875621890547263 0.0024875621890547263 0.0024875621890547263 0.11194029850746269 0.0024875621890547263 0.007462686567164179 0.22139303482587064 0.012437810945273632 0.0024875621890547263 0.007462686567164179 0.03233830845771144 0.2960199004975124 0.02736318407960199 0.012437810945273632 0.0024875621890547263 0.0024875621890547263 0.0024875621890547263 0.017412935323383085 
0.021739130434782608 0.021739130434782608 0.007246376811594203 0.021739130434782608 0.007246376811594203 0.021739130434782608 0.2391304347826087 0.036231884057971016 0.036231884057971016 0.06521739130434782 0.021739130434782608 0.10869565217391304 0.007246376811594203 0.050724637681159424 0.036231884057971016 0.021739130434782608 0.036231884057971016 0.007246376811594203 0.021739130434782608 0.007246376811594203 0.007246376811594203 0.007246376811594203 0.09420289855072464 0.007246376811594203 0.050724637681159424 0.007246376811594203 0.007246376811594203 0.007246376811594203 0.007246376811594203 0.007246376811594203 
0.006329113924050633 0.006329113924050633 0.0949367088607595 0.0189873417721519 0.006329113924050633 0.006329113924050633 0.006329113924050633 0.006329113924050633 0.006329113924050633 0.006329113924050633 0.006329113924050633 0.006329113924050633 0.03164556962025317 0.006329113924050633 0.0189873417721519 0.006329113924050633 0.006329113924050633 0.006329113924050633 0.056962025316455694 0.41139240506329117 0.0189873417721519 0.006329113924050633 0.006329113924050633 0.13291139240506328 0.0189873417721519 0.03164556962025317 0.006329113924050633 0.0189873417721519 0.03164556962025317 0.006329113924050633 
0.006756756756756757 0.006756756756756757 0.14189189189189189 0.02027027027027027 0.02027027027027027 0.006756756756756757 0.006756756756756757 0.006756756756756757 0.006756756756756757 0.006756756756756757 0.006756756756756757 0.006756756756756757 0.16891891891891891 0.060810810810810814 0.033783783783783786 0.033783783783783786 0.006756756756756757 0.006756756756756757 0.02027027027027027 0.02027027027027027 0.060810810810810814 0.006756756756756757 0.02027027027027027 0.006756756756756757 0.006756756756756757 0.19594594594594594 0.02027027027027027 0.0472972972972973 0.033783783783783786 0.006756756756756757 
0.0035971223021582736 0.046762589928057555 0.01079136690647482 0.08992805755395683 0.01079136690647482 0.0035971223021582736 0.0035971223021582736 0.0035971223021582736 0.0035971223021582736 0.0035971223021582736 0.01079136690647482 0.0539568345323741 0.44964028776978415 0.01079136690647482 0.0035971223021582736 0.025179856115107913 0.039568345323741004 0.0035971223021582736 0.0035971223021582736 0.01079136690647482 0.039568345323741004 0.0035971223021582736 0.0035971223021582736 0.0035971223021582736 0.017985611510791366 0.025179856115107913 0.017985611510791366 0.0035971223021582736 0.08992805755395683 0.0035971223021582736 
0.004347826086956522 0.004347826086956522 0.021739130434782608 0.10869565217391304 0.09130434782608696 0.004347826086956522 0.013043478260869565 0.013043478260869565 0.004347826086956522 0.2826086956521739 0.004347826086956522 0.004347826086956522 0.004347826086956522 0.013043478260869565 0.0391304347826087 0.04782608695652174 0.004347826086956522 0.004347826086956522 0.004347826086956522 0.004347826086956522 0.04782608695652174 0.04782608695652174 0.14347826086956522 0.030434782608695653 0.013043478260869565 0.021739130434782608 0.004347826086956522 0.004347826086956522 0.004347826086956522 0.004347826086956522 
0.03968253968253968 0.023809523809523808 0.007936507936507936 0.007936507936507936 0.07142857142857142 0.007936507936507936 0.05555555555555555 0.007936507936507936 0.07142857142857142 0.03968253968253968 0.007936507936507936 0.023809523809523808 0.007936507936507936 0.03968253968253968 0.023809523809523808 0.05555555555555555 0.007936507936507936 0.007936507936507936 0.03968253968253968 0.29365079365079366 0.03968253968253968 0.007936507936507936 0.007936507936507936 0.023809523809523808 0.007936507936507936 0.007936507936507936 0.007936507936507936 0.007936507936507936 0.023809523809523808 0.023809523809523808 
0.005376344086021506 0.22043010752688172 0.005376344086021506 0.005376344086021506 0.005376344086021506 0.005376344086021506 0.026881720430107527 0.005376344086021506 0.005376344086021506 0.016129032258064516 0.08064516129032258 0.016129032258064516 0.026881720430107527 0.04838709677419355 0.016129032258064516 0.24193548387096775 0.016129032258064516 0.005376344086021506 0.005376344086021506 0.005376344086021506 0.005376344086021506 0.005376344086021506 0.005376344086021506 0.15591397849462366 0.016129032258064516 0.016129032258064516 0.005376344086021506 0.005376344086021506 0.016129032258064516 0.005376344086021506 
0.011904761904761904 0.011904761904761904 0.03571428571428571 0.10714285714285714 0.011904761904761904 0.011904761904761904 0.05952380952380952 0.011904761904761904 0.011904761904761904 0.011904761904761904 0.011904761904761904 0.011904761904761904 0.08333333333333333 0.17857142857142858 0.011904761904761904 0.011904761904761904 0.03571428571428571 0.03571428571428571 0.011904761904761904 0.011904761904761904 0.13095238095238096 0.011904761904761904 0.011904761904761904 0.03571428571428571 0.011904761904761904 0.03571428571428571 0.03571428571428571 0.011904761904761904 0.011904761904761904 0.011904761904761904 
0.007352941176470588 0.022058823529411766 0.022058823529411766 0.007352941176470588 0.03676470588235294 0.022058823529411766 0.007352941176470588 0.0661764705882353 0.007352941176470588 0.051470588235294115 0.022058823529411766 0.0661764705882353 0.007352941176470588 0.022058823529411766 0.007352941176470588 0.11029411764705882 0.022058823529411766 0.007352941176470588 0.03676470588235294 0.007352941176470588 0.007352941176470588 0.007352941176470588 0.007352941176470588 0.007352941176470588 0.007352941176470588 0.007352941176470588 0.3161764705882353 0.007352941176470588 0.022058823529411766 0.051470588235294115 
0.0049504950495049506 0.01485148514851485 0.0049504950495049506 0.01485148514851485 0.024752475247524754 0.024752475247524754 0.0049504950495049506 0.0049504950495049506 0.35148514851485146 0.034653465346534656 0.0049504950495049506 0.04455445544554455 0.0049504950495049506 0.0049504950495049506 0.17326732673267325 0.01485148514851485 0.01485148514851485 0.0049504950495049506 0.0049504950495049506 0.034653465346534656 0.0049504950495049506 0.06435643564356436 0.024752475247524754 0.01485148514851485 0.0049504950495049506 0.054455445544554455 0.0049504950495049506 0.01485148514851485 0.01485148514851485 0.0049504950495049506 
0.011111111111111112 0.003703703703703704 0.15185185185185185 0.025925925925925925 0.1814814814814815 0.011111111111111112 0.011111111111111112 0.003703703703703704 0.018518518518518517 0.003703703703703704 0.003703703703703704 0.011111111111111112 0.003703703703703704 0.025925925925925925 0.09259259259259259 0.025925925925925925 0.24074074074074073 0.011111111111111112 0.018518518518518517 0.003703703703703704 0.04814814814814815 0.003703703703703704 0.003703703703703704 0.003703703703703704 0.018518518518518517 0.025925925925925925 0.003703703703703704 0.025925925925925925 0.003703703703703704 0.003703703703703704 
0.06140350877192982 0.008771929824561403 0.008771929824561403 0.008771929824561403 0.008771929824561403 0.008771929824561403 0.008771929824561403 0.008771929824561403 0.11403508771929824 0.02631578947368421 0.02631578947368421 0.008771929824561403 0.008771929824561403 0.02631578947368421 0.008771929824561403 0.02631578947368421 0.008771929824561403 0.008771929824561403 0.008771929824561403 0.043859649122807015 0.02631578947368421 0.043859649122807015 0.11403508771929824 0.008771929824561403 0.02631578947368421 0.06140350877192982 0.02631578947368421 0.09649122807017543 0.13157894736842105 0.02631578947368421 
0.014285714285714285 0.04285714285714286 0.014285714285714285 0.014285714285714285 0.04285714285714286 0.014285714285714285 0.014285714285714285 0.04285714285714286 0.014285714285714285 0.014285714285714285 0.014285714285714285 0.24285714285714285 0.014285714285714285 0.07142857142857142 0.014285714285714285 0.014285714285714285 0.04285714285714286 0.014285714285714285 0.04285714285714286 0.014285714285714285 0.04285714285714286 0.04285714285714286 0.014285714285714285 0.014285714285714285 0.07142857142857142 0.014285714285714285 0.04285714285714286 0.014285714285714285 0.014285714285714285 0.014285714285714285 
0.030973451327433628 0.004424778761061947 0.004424778761061947 0.01327433628318584 0.14601769911504425 0.022123893805309734 0.004424778761061947 0.004424778761061947 0.022123893805309734 0.004424778761061947 0.004424778761061947 0.16371681415929204 0.004424778761061947 0.17256637168141592 0.004424778761061947 0.022123893805309734 0.01327433628318584 0.01327433628318584 0.01327433628318584 0.004424778761061947 0.01327433628318584 0.084070796460177 0.030973451327433628 0.030973451327433628 0.004424778761061947 0.03982300884955752 0.0752212389380531 0.03982300884955752 0.004424778761061947 0.004424778761061947 
0.004201680672268907 0.012605042016806723 0.004201680672268907 0.012605042016806723 0.41596638655462187 0.004201680672268907 0.004201680672268907 0.004201680672268907 0.012605042016806723 0.13025210084033614 0.004201680672268907 0.029411764705882353 0.10504201680672269 0.1638655462184874 0.004201680672268907 0.004201680672268907 0.012605042016806723 0.004201680672268907 0.004201680672268907 0.004201680672268907 0.004201680672268907 0.012605042016806723 0.004201680672268907 0.004201680672268907 0.004201680672268907 0.004201680672268907 0.012605042016806723 0.004201680672268907 0.004201680672268907 0.004201680672268907 
