0.014423076923076924 0.08173076923076923 0.004807692307692308 0.004807692307692308 0.10096153846153846 0.02403846153846154 0.3701923076923077 0.014423076923076924 0.004807692307692308 0.004807692307692308 0.004807692307692308 0.004807692307692308 0.004807692307692308 0.04326923076923077 0.004807692307692308 0.02403846153846154 0.004807692307692308 0.004807692307692308 0.004807692307692308 0.004807692307692308 0.03365384615384615 0.004807692307692308 0.004807692307692308 0.014423076923076924 0.014423076923076924 0.09134615384615384 0.09134615384615384 0.004807692307692308 0.004807692307692308 0.004807692307692308 
0.008064516129032258 0.008064516129032258 0.008064516129032258 0.04032258064516129 0.024193548387096774 0.04032258064516129 0.024193548387096774 0.008064516129032258 0.024193548387096774 0.024193548387096774 0.056451612903225805 0.10483870967741936 0.04032258064516129 0.056451612903225805 0.024193548387096774 0.024193548387096774 0.024193548387096774 0.024193548387096774 0.008064516129032258 0.024193548387096774 0.07258064516129033 0.008064516129032258 0.1693548387096774 0.056451612903225805 0.024193548387096774 0.04032258064516129 0.008064516129032258 0.008064516129032258 0.008064516129032258 0.008064516129032258 
0.005494505494505495 0.038461538461538464 0.005494505494505495 0.005494505494505495 0.005494505494505495 0.016483516483516484 0.038461538461538464 0.005494505494505495 0.11538461538461539 0.13736263736263737 0.005494505494505495 0.005494505494505495 0.005494505494505495 0.016483516483516484 0.005494505494505495 0.016483516483516484 0.005494505494505495 0.04945054945054945 0.005494505494505495 0.17032967032967034 0.07142857142857142 0.005494505494505495 0.005494505494505495 0.005494505494505495 0.016483516483516484 0.005494505494505495 0.21428571428571427 0.005494505494505495 0.005494505494505495 0.005494505494505495 
0.004310344827586207 0.06465517241379311 0.01293103448275862 0.01293103448275862 0.15086206896551724 0.004310344827586207 0.004310344827586207 0.03017241379310345 0.004310344827586207 0.01293103448275862 0.004310344827586207 0.004310344827586207 0.004310344827586207 0.004310344827586207 0.125 0.021551724137931036 0.004310344827586207 0.021551724137931036 0.01293103448275862 0.04741379310344827 0.15948275862068967 0.004310344827586207 0.01293103448275862 0.021551724137931036 0.004310344827586207 0.06465517241379311 0.01293103448275862 0.004310344827586207 0.004310344827586207 0.15948275862068967 
0.0043859649122807015 0.0043859649122807015 0.0043859649122807015 0.0043859649122807015 0.0043859649122807015 0.0043859649122807015 0.09210526315789473 0.013157894736842105 0.0043859649122807015 0.0043859649122807015 0.0043859649122807015 0.10964912280701754 0.3026315789473684 0.0043859649122807015 0.0043859649122807015 0.32894736842105265 0.013157894736842105 0.0043859649122807015 0.0043859649122807015 0.0043859649122807015 0.0043859649122807015 0.0043859649122807015 0.0043859649122807015 0.0043859649122807015 0.0043859649122807015 0.03070175438596491 0.0043859649122807015 0.0043859649122807015 0.0043859649122807015 0.013157894736842105 
0.00819672131147541 0.00819672131147541 0.02459016393442623 0.040983606557377046 0.00819672131147541 0.10655737704918032 0.07377049180327869 0.00819672131147541 0.00819672131147541 0.00819672131147541 0.00819672131147541 0.00819672131147541 0.00819672131147541 0.00819672131147541 0.00819672131147541 0.02459016393442623 0.38524590163934425 0.00819672131147541 0.00819672131147541 0.00819672131147541 0.02459016393442623 0.040983606557377046 0.02459016393442623 0.02459016393442623 0.040983606557377046 0.040983606557377046 0.00819672131147541 0.00819672131147541 0.00819672131147541 0.00819672131147541 
0.005208333333333333 0.036458333333333336 0.005208333333333333 0.078125 0.015625 0.015625 0.005208333333333333 0.005208333333333333 0.015625 0.036458333333333336 0.005208333333333333 0.057291666666666664 0.2552083333333333 0.005208333333333333 0.005208333333333333 0.005208333333333333 0.005208333333333333 0.046875 0.005208333333333333 0.005208333333333333 0.036458333333333336 0.005208333333333333 0.005208333333333333 0.19270833333333334 0.026041666666666668 0.09895833333333333 0.005208333333333333 0.005208333333333333 0.005208333333333333 0.005208333333333333 
0.022727272727272728 0.08333333333333333 0.022727272727272728 0.03787878787878788 0.007575757575757576 0.007575757575757576 0.007575757575757576 0.007575757575757576 0.007575757575757576 0.022727272727272728 0.022727272727272728 0.007575757575757576 0.25 0.022727272727272728 0.022727272727272728 0.007575757575757576 0.007575757575757576 0.007575757575757576 0.06818181818181818 0.022727272727272728 0.1590909090909091 0.007575757575757576 0.05303030303030303 0.022727272727272728 0.007575757575757576 0.007575757575757576 0.007575757575757576 0.007575757575757576 0.007575757575757576 0.05303030303030303 
0.003289473684210526 0.003289473684210526 0.0625 0.01644736842105263 0.003289473684210526 0.08881578947368421 0.3190789473684211 0.029605263157894735 0.009868421052631578 0.003289473684210526 0.01644736842105263 0.0756578947368421 0.003289473684210526 0.003289473684210526 0.003289473684210526 0.029605263157894735 0.003289473684210526 0.003289473684210526 0.003289473684210526 0.003289473684210526 0.009868421052631578 0.003289473684210526 0.24013157894736842 0.003289473684210526 0.003289473684210526 0.03618421052631579 0.003289473684210526 0.003289473684210526 0.009868421052631578 0.003289473684210526 
0.046610169491525424 0.00423728813559322 0.012711864406779662 0.00423728813559322 0.00423728813559322 0.0211864406779661 0.17372881355932204 0.2245762711864407 0.0211864406779661 0.08898305084745763 0.00423728813559322 0.046610169491525424 0.0211864406779661 0.00423728813559322 0.00423728813559322 0.08050847457627118 0.00423728813559322 0.012711864406779662 0.012711864406779662 0.046610169491525424 0.00423728813559322 0.012711864406779662 0.1059322033898305 0.00423728813559322 0.00423728813559322 0.00423728813559322 0.012711864406779662 0.00423728813559322 0.00423728813559322 0.00423728813559322 
0.006024096385542169 0.018072289156626505 0.04216867469879518 0.0783132530120482 0.006024096385542169 0.006024096385542169 0.030120481927710843 0.006024096385542169 0.006024096385542169 0.006024096385542169 0.006024096385542169 0.018072289156626505 0.030120481927710843 0.006024096385542169 0.25903614457831325 0.006024096385542169 0.09036144578313253 0.018072289156626505 0.006024096385542169 0.018072289156626505 0.006024096385542169 0.006024096385542169 0.030120481927710843 0.10240963855421686 0.006024096385542169 0.09036144578313253 0.030120481927710843 0.04216867469879518 0.018072289156626505 0.006024096385542169 
0.1062992125984252 0.1141732283464567 0.003937007874015748 0.1062992125984252 0.003937007874015748 0.21653543307086615 0.003937007874015748 0.051181102362204724 0.01968503937007874 0.003937007874015748 0.01968503937007874 0.003937007874015748 0.027559055118110236 0.01968503937007874 0.051181102362204724 0.011811023622047244 0.03543307086614173 0.003937007874015748 0.01968503937007874 0.011811023622047244 0.0984251968503937 0.011811023622047244 0.011811023622047244 0.003937007874015748 0.003937007874015748 0.003937007874015748 0.003937007874015748 0.003937007874015748 0.011811023622047244 0.011811023622047244 
0.006578947368421052 0.019736842105263157 0.006578947368421052 0.006578947368421052 0.006578947368421052 0.08552631578947369 0.23026315789473684 0.006578947368421052 0.006578947368421052 0.019736842105263157 0.006578947368421052 0.006578947368421052 0.019736842105263157 0.03289473684210526 0.13815789473684212 0.006578947368421052 0.07236842105263158 0.006578947368421052 0.006578947368421052 0.019736842105263157 0.07236842105263158 0.006578947368421052 0.019736842105263157 0.006578947368421052 0.1118421052631579 0.006578947368421052 0.03289473684210526 0.006578947368421052 0.006578947368421052 0.019736842105263157 
0.03398058252427184 0.024271844660194174 0.0048543689320388345 0.014563106796116505 0.05339805825242718 0.0048543689320388345 0.11165048543689321 0.03398058252427184 0.0048543689320388345 0.0048543689320388345 0.014563106796116505 0.06310679611650485 0.024271844660194174 0.014563106796116505 0.16990291262135923 0.0048543689320388345 0.0048543689320388345 0.0048543689320388345 0.0048543689320388345 0.0048543689320388345 0.0048543689320388345 0.03398058252427184 0.18932038834951456 0.0048543689320388345 0.014563106796116505 0.07281553398058252 0.03398058252427184 0.03398058252427184 0.0048543689320388345 0.0048543689320388345 
0.00909090909090909 0.00909090909090909 0.06363636363636363 0.02727272727272727 0.00909090909090909 0.00909090909090909 0.02727272727272727 0.00909090909090909 0.00909090909090909 0.00909090909090909 0.00909090909090909 0.00909090909090909 0.00909090909090909 0.00909090909090909 0.00909090909090909 0.00909090909090909 0.02727272727272727 0.00909090909090909 0.33636363636363636 0.00909090909090909 0.00909090909090909 0.1 0.00909090909090909 0.00909090909090909 0.045454545454545456 0.02727272727272727 0.00909090909090909 0.15454545454545454 0.00909090909090909 0.00909090909090909 
0.005154639175257732 0.07731958762886598 0.005154639175257732 0.04639175257731959 0.015463917525773196 0.26288659793814434 0.005154639175257732 0.005154639175257732 0.005154639175257732 0.02577319587628866 0.005154639175257732 0.005154639175257732 0.015463917525773196 0.015463917525773196 0.22164948453608246 0.005154639175257732 0.015463917525773196 0.005154639175257732 0.015463917525773196 0.005154639175257732 0.005154639175257732 0.005154639175257732 0.0979381443298969 0.005154639175257732 0.015463917525773196 0.005154639175257732 0.04639175257731959 0.03608247422680412 0.005154639175257732 0.015463917525773196 
0.005208333333333333 0.015625 0.005208333333333333 0.005208333333333333 0.036458333333333336 0.005208333333333333 0.026041666666666668 0.19270833333333334 0.005208333333333333 0.026041666666666668 0.005208333333333333 0.005208333333333333 0.005208333333333333 0.015625 0.06770833333333333 0.005208333333333333 0.265625 0.015625 0.005208333333333333 0.005208333333333333 0.09895833333333333 0.015625 0.005208333333333333 0.005208333333333333 0.015625 0.036458333333333336 0.036458333333333336 0.036458333333333336 0.015625 0.015625 
0.01327433628318584 0.030973451327433628 0.01327433628318584 0.004424778761061947 0.022123893805309734 0.004424778761061947 0.048672566371681415 0.01327433628318584 0.030973451327433628 0.05752212389380531 0.004424778761061947 0.3407079646017699 0.004424778761061947 0.004424778761061947 0.004424778761061947 0.004424778761061947 0.004424778761061947 0.004424778761061947 0.004424778761061947 0.01327433628318584 0.01327433628318584 0.084070796460177 0.13716814159292035 0.030973451327433628 0.01327433628318584 0.03982300884955752 0.030973451327433628 0.01327433628318584 0.004424778761061947 0.004424778761061947 
0.01744186046511628 0.25 0.005813953488372093 0.040697674418604654 0.005813953488372093 0.27325581395348836 0.005813953488372093 0.029069767441860465 0.005813953488372093 0.005813953488372093 0.01744186046511628 0.0755813953488372 0.05232558139534884 0.005813953488372093 0.005813953488372093 0.005813953488372093 0.005813953488372093 0.005813953488372093 0.005813953488372093 0.029069767441860465 0.005813953488372093 0.029069767441860465 0.01744186046511628 0.005813953488372093 0.029069767441860465 0.005813953488372093 0.005813953488372093 0.029069767441860465 0.005813953488372093 0.01744186046511628 
0.033783783783783786 0.006756756756756757 0.0472972972972973 0.006756756756756757 0.006756756756756757 0.006756756756756757 0.02027027027027027 0.006756756756756757 0.27702702702702703 0.14189189189189189 0.02027027027027027 0.006756756756756757 0.033783783783783786 0.006756756756756757 0.006756756756756757 0.006756756756756757 0.006756756756756757 0.11486486486486487 0.006756756756756757 0.060810810810810814 0.006756756756756757 0.006756756756756757 0.006756756756756757 0.02027027027027027 0.02027027027027027 0.006756756756756757 0.08783783783783784 0.006756756756756757 0.006756756756756757 0.006756756756756757 
0.004347826086956522 0.004347826086956522 0.030434782608695653 0.004347826086956522 0.021739130434782608 0.004347826086956522 0.021739130434782608 0.0391304347826087 0.004347826086956522 0.1782608695652174 0.013043478260869565 0.0391304347826087 0.004347826086956522 0.08260869565217391 0.004347826086956522 0.013043478260869565 0.30869565217391304 0.004347826086956522 0.021739130434782608 0.004347826086956522 0.004347826086956522 0.04782608695652174 0.004347826086956522 0.013043478260869565 0.004347826086956522 0.013043478260869565 0.004347826086956522 0.013043478260869565 0.05652173913043478 0.030434782608695653 
0.026785714285714284 0.026785714285714284 0.008928571428571428 0.026785714285714284 0.044642857142857144 0.026785714285714284 0.0625 0.008928571428571428 0.008928571428571428 0.044642857142857144 0.008928571428571428 0.13392857142857142 0.026785714285714284 0.008928571428571428 0.008928571428571428 0.11607142857142858 0.026785714285714284 0.008928571428571428 0.008928571428571428 0.026785714285714284 0.008928571428571428 0.008928571428571428 0.044642857142857144 0.026785714285714284 0.008928571428571428 0.026785714285714284 0.15178571428571427 0.026785714285714284 0.008928571428571428 0.026785714285714284 
0.005555555555555556 0.005555555555555556 0.027777777777777776 0.005555555555555556 0.005555555555555556 0.005555555555555556 0.005555555555555556 0.016666666666666666 0.05 0.005555555555555556 0.005555555555555556 0.016666666666666666 0.18333333333333332 0.005555555555555556 0.005555555555555556 0.005555555555555556 0.005555555555555556 0.016666666666666666 0.11666666666666667 0.03888888888888889 0.027777777777777776 0.005555555555555556 0.005555555555555556 0.20555555555555555 0.03888888888888889 0.11666666666666667 0.005555555555555556 0.005555555555555556 0.016666666666666666 0.03888888888888889 
0.004347826086956522 0.04782608695652174 0.004347826086956522 0.030434782608695653 0.004347826086956522 0.004347826086956522 0.021739130434782608 0.004347826086956522 0.06521739130434782 0.021739130434782608 0.013043478260869565 0.013043478260869565 0.030434782608695653 0.030434782608695653 0.09130434782608696 0.08260869565217391 0.0391304347826087 0.004347826086956522 0.04782608695652174 0.030434782608695653 0.013043478260869565 0.004347826086956522 0.021739130434782608 0.24782608695652175 0.04782608695652174 0.013043478260869565 0.004347826086956522 0.004347826086956522 0.04782608695652174 0.004347826086956522 
0.03731343283582089 0.007462686567164179 0.007462686567164179 0.007462686567164179 0.03731343283582089 0.022388059701492536 0.007462686567164179 0.007462686567164179 0.007462686567164179 0.03731343283582089 0.15671641791044777 0.007462686567164179 0.007462686567164179 0.007462686567164179 0.06716417910447761 0.05223880597014925 0.007462686567164179 0.007462686567164179 0.03731343283582089 0.022388059701492536 0.007462686567164179 0.05223880597014925 0.007462686567164179 0.022388059701492536 0.022388059701492536 0.08208955223880597 0.007462686567164179 0.12686567164179105 0.007462686567164179 0.11194029850746269 
0.020833333333333332 0.006944444444444444 0.020833333333333332 0.020833333333333332 0.020833333333333332 0.3680555555555556 0.006944444444444444 0.04861111111111111 0.006944444444444444 0.020833333333333332 0.006944444444444444 0.020833333333333332 0.020833333333333332 0.13194444444444445 0.006944444444444444 0.0625 0.006944444444444444 0.034722222222222224 0.006944444444444444 0.006944444444444444 0.020833333333333332 0.006944444444444444 0.020833333333333332 0.006944444444444444 0.006944444444444444 0.006944444444444444 0.0625 0.006944444444444444 0.006944444444444444 0.006944444444444444 
0.004464285714285714 0.004464285714285714 0.004464285714285714 0.022321428571428572 0.004464285714285714 0.004464285714285714 0.022321428571428572 0.004464285714285714 0.03125 0.11160714285714286 0.004464285714285714 0.022321428571428572 0.004464285714285714 0.004464285714285714 0.03125 0.004464285714285714 0.004464285714285714 0.004464285714285714 0.013392857142857142 0.004464285714285714 0.004464285714285714 0.23660714285714285 0.15625 0.004464285714285714 0.004464285714285714 0.013392857142857142 0.004464285714285714 0.23660714285714285 0.013392857142857142 0.013392857142857142 
0.01893939393939394 0.01893939393939394 0.056818181818181816 0.003787878787878788 0.10984848484848485 0.003787878787878788 0.003787878787878788 0.003787878787878788 0.003787878787878788 0.003787878787878788 0.24621212121212122 0.011363636363636364 0.003787878787878788 0.011363636363636364 0.026515151515151516 0.01893939393939394 0.003787878787878788 0.011363636363636364 0.003787878787878788 0.003787878787878788 0.13257575757575757 0.003787878787878788 0.06439393939393939 0.003787878787878788 0.003787878787878788 0.003787878787878788 0.04924242424242424 0.07196969696969698 0.03409090909090909 0.06439393939393939 
0.018518518518518517 0.018518518518518517 0.018518518518518517 0.09259259259259259 0.018518518518518517 0.05555555555555555 0.018518518518518517 0.09259259259259259 0.018518518518518517 0.018518518518518517 0.018518518518518517 0.018518518518518517 0.05555555555555555 0.018518518518518517 0.018518518518518517 0.018518518518518517 0.09259259259259259 0.018518518518518517 0.018518518518518517 0.018518518518518517 0.018518518518518517 0.018518518518518517 0.018518518518518517 0.018518518518518517 0.018518518518518517 0.018518518518518517 0.12962962962962962 0.05555555555555555 0.018518518518518517 0.018518518518518517 
0.017857142857142856 0.010714285714285714 0.0035714285714285713 0.10357142857142858 0.0035714285714285713 0.025 0.017857142857142856 0.0035714285714285713 0.0035714285714285713 0.010714285714285714 0.025 0.08928571428571429 0.0035714285714285713 0.010714285714285714 0.11071428571428571 0.017857142857142856 0.0035714285714285713 0.0035714285714285713 0.0035714285714285713 0.06785714285714285 0.0035714285714285713 0.010714285714285714 0.03214285714285714 0.0035714285714285713 0.06785714285714285 0.18928571428571428 0.0035714285714285713 0.010714285714285714 0.010714285714285714 0.13214285714285715 
0.21604938271604937 0.043209876543209874 0.006172839506172839 0.030864197530864196 0.006172839506172839 0.030864197530864196 0.006172839506172839 0.018518518518518517 0.05555555555555555 0.006172839506172839 0.043209876543209874 0.006172839506172839 0.018518518518518517 0.018518518518518517 0.19135802469135801 0.006172839506172839 0.006172839506172839 0.006172839506172839 0.10493827160493827 0.030864197530864196 0.006172839506172839 0.018518518518518517 0.030864197530864196 0.006172839506172839 0.006172839506172839 0.043209876543209874 0.006172839506172839 0.006172839506172839 0.006172839506172839 0.018518518518518517 
0.005 0.005 0.125 0.045 0.005 0.005 0.005 0.005 0.015 0.005 0.065 0.005 0.085 0.025 0.015 0.105 0.005 0.005 0.005 0.005 0.165 0.005 0.155 0.035 0.025 0.015 0.005 0.025 0.015 0.015 
0.006024096385542169 0.018072289156626505 0.04216867469879518 0.006024096385542169 0.006024096385542169 0.018072289156626505 0.006024096385542169 0.018072289156626505 0.05421686746987952 0.006024096385542169 0.006024096385542169 0.018072289156626505 0.006024096385542169 0.006024096385542169 0.030120481927710843 0.018072289156626505 0.006024096385542169 0.05421686746987952 0.06626506024096386 0.10240963855421686 0.030120481927710843 0.006024096385542169 0.006024096385542169 0.05421686746987952 0.006024096385542169 0.006024096385542169 0.006024096385542169 0.12650602409638553 0.25903614457831325 0.006024096385542169 
0.007142857142857143 0.19285714285714287 0.007142857142857143 0.02142857142857143 0.007142857142857143 0.007142857142857143 0.02142857142857143 0.17857142857142858 0.007142857142857143 0.007142857142857143 0.02142857142857143 0.007142857142857143 0.007142857142857143 0.02142857142857143 0.02142857142857143 0.07857142857142857 0.007142857142857143 0.007142857142857143 0.007142857142857143 0.02142857142857143 0.007142857142857143 0.02142857142857143 0.06428571428571428 0.007142857142857143 0.007142857142857143 0.05 0.007142857142857143 0.007142857142857143 0.16428571428571428 0.007142857142857143 
0.020833333333333332 0.29583333333333334 0.004166666666666667 0.0375 0.004166666666666667 0.1375 0.0375 0.004166666666666667 0.004166666666666667 0.0125 0.020833333333333332 0.004166666666666667 0.029166666666666667 0.029166666666666667 0.004166666666666667 0.0125 0.004166666666666667 0.004166666666666667 0.004166666666666667 0.029166666666666667 0.020833333333333332 0.0125 0.04583333333333333 0.004166666666666667 0.020833333333333332 0.15416666666666667 0.004166666666666667 0.004166666666666667 0.0125 0.020833333333333332 
0.004761904761904762 0.06190476190476191 0.004761904761904762 0.004761904761904762 0.004761904761904762 0.004761904761904762 0.004761904761904762 0.014285714285714285 0.023809523809523808 0.05238095238095238 0.004761904761904762 0.004761904761904762 0.004761904761904762 0.004761904761904762 0.04285714285714286 0.06190476190476191 0.004761904761904762 0.004761904761904762 0.2619047619047619 0.004761904761904762 0.004761904761904762 0.004761904761904762 0.004761904761904762 0.004761904761904762 0.2714285714285714 0.014285714285714285 0.04285714285714286 0.04285714285714286 0.004761904761904762 0.023809523809523808 
0.00625 0.00625 0.00625 0.00625 0.00625 0.00625 0.04375 0.00625 0.04375 0.01875 0.04375 0.03125 0.03125 0.06875 0.01875 0.00625 0.10625 0.01875 0.01875 0.04375 0.00625 0.00625 0.20625 0.03125 0.00625 0.00625 0.01875 0.03125 0.11875 0.03125 
0.016304347826086956 0.005434782608695652 0.21195652173913043 0.005434782608695652 0.016304347826086956 0.005434782608695652 0.005434782608695652 0.016304347826086956 0.059782608695652176 0.005434782608695652 0.005434782608695652 0.005434782608695652 0.005434782608695652 0.005434782608695652 0.07065217391304347 0.005434782608695652 0.02717391304347826 0.016304347826086956 0.10326086956521739 0.005434782608695652 0.005434782608695652 0.005434782608695652 0.005434782608695652 0.059782608695652176 0.016304347826086956 0.005434782608695652 0.005434782608695652 0.02717391304347826 0.1358695652173913 0.1358695652173913 
0.0472972972972973 0.006756756756756757 0.006756756756756757 0.006756756756756757 0.006756756756756757 0.0472972972972973 0.02027027027027027 0.033783783783783786 0.060810810810810814 0.033783783783783786 0.006756756756756757 0.033783783783783786 0.033783783783783786 0.006756756756756757 0.060810810810810814 0.0472972972972973 0.08783783783783784 0.02027027027027027 0.006756756756756757 0.006756756756756757 0.02027027027027027 0.033783783783783786 0.006756756756756757 0.006756756756756757 0.08783783783783784 0.006756756756756757 0.16891891891891891 0.07432432432432433 0.006756756756756757 0.006756756756756757 
0.005434782608695652 0.005434782608695652 0.266304347826087 0.005434782608695652 0.016304347826086956 0.005434782608695652 0.02717391304347826 0.005434782608695652 0.03804347826086957 0.03804347826086957 0.016304347826086956 0.005434782608695652 0.1793478260869565 0.016304347826086956 0.005434782608695652 0.059782608695652176 0.07065217391304347 0.04891304347826087 0.03804347826086957 0.005434782608695652 0.005434782608695652 0.04891304347826087 0.016304347826086956 0.016304347826086956 0.005434782608695652 0.016304347826086956 0.016304347826086956 0.005434782608695652 0.005434782608695652 0.005434782608695652 
0.08846153846153847 0.05 0.03461538461538462 0.0038461538461538464 0.03461538461538462 0.019230769230769232 0.019230769230769232 0.019230769230769232 0.0038461538461538464 0.0038461538461538464 0.011538461538461539 0.0038461538461538464 0.011538461538461539 0.4115384615384615 0.04230769230769231 0.0038461538461538464 0.0038461538461538464 0.0038461538461538464 0.0038461538461538464 0.0038461538461538464 0.0038461538461538464 0.0038461538461538464 0.03461538461538462 0.057692307692307696 0.08076923076923077 0.011538461538461539 0.0038461538461538464 0.0038461538461538464 0.019230769230769232 0.0038461538461538464 
0.24025974025974026 0.006493506493506494 0.006493506493506494 0.032467532467532464 0.01948051948051948 0.006493506493506494 0.006493506493506494 0.006493506493506494 0.045454545454545456 0.05844155844155844 0.08441558441558442 0.006493506493506494 0.01948051948051948 0.006493506493506494 0.09740259740259741 0.006493506493506494 0.01948051948051948 0.006493506493506494 0.006493506493506494 0.006493506493506494 0.032467532467532464 0.032467532467532464 0.006493506493506494 0.006493506493506494 0.07142857142857142 0.01948051948051948 0.006493506493506494 0.08441558441558442 0.045454545454545456 0.006493506493506494 
0.08636363636363636 0.013636363636363636 0.004545454545454545 0.004545454545454545 0.031818181818181815 0.013636363636363636 0.1409090909090909 0.004545454545454545 0.004545454545454545 0.004545454545454545 0.004545454545454545 0.004545454545454545 0.05 0.022727272727272728 0.37727272727272726 0.013636363636363636 0.013636363636363636 0.004545454545454545 0.004545454545454545 0.004545454545454545 0.013636363636363636 0.004545454545454545 0.004545454545454545 0.004545454545454545 0.031818181818181815 0.08636363636363636 0.004545454545454545 0.031818181818181815 0.004545454545454545 0.004545454545454545 
0.008064516129032258 0.008064516129032258 0.024193548387096774 0.056451612903225805 0.13709677419354838 0.07258064516129033 0.008064516129032258 0.008064516129032258 0.024193548387096774 0.04032258064516129 0.008064516129032258 0.21774193548387097 0.008064516129032258 0.008064516129032258 0.008064516129032258 0.13709677419354838 0.008064516129032258 0.08870967741935484 0.024193548387096774 0.008064516129032258 0.008064516129032258 0.008064516129032258 0.008064516129032258 0.008064516129032258 0.008064516129032258 0.024193548387096774 0.008064516129032258 0.008064516129032258 0.008064516129032258 0.008064516129032258 
0.004201680672268907 0.012605042016806723 0.02100840336134454 0.012605042016806723 0.06302521008403361 0.004201680672268907 0.004201680672268907 0.004201680672268907 0.004201680672268907 0.037815126050420166 0.004201680672268907 0.004201680672268907 0.10504201680672269 0.22268907563025211 0.09663865546218488 0.06302521008403361 0.004201680672268907 0.029411764705882353 0.02100840336134454 0.012605042016806723 0.1134453781512605 0.012605042016806723 0.046218487394957986 0.004201680672268907 0.046218487394957986 0.02100840336134454 0.004201680672268907 0.004201680672268907 0.004201680672268907 0.012605042016806723 
0.028735632183908046 0.3390804597701149 0.005747126436781609 0.14367816091954022 0.005747126436781609 0.005747126436781609 0.017241379310344827 0.005747126436781609 0.017241379310344827 0.005747126436781609 0.005747126436781609 0.028735632183908046 0.07471264367816093 0.005747126436781609 0.005747126436781609 0.06321839080459771 0.005747126436781609 0.028735632183908046 0.017241379310344827 0.005747126436781609 0.017241379310344827 0.005747126436781609 0.017241379310344827 0.005747126436781609 0.040229885057471264 0.028735632183908046 0.028735632183908046 0.005747126436781609 0.005747126436781609 0.028735632183908046 
0.023809523809523808 0.03968253968253968 0.023809523809523808 0.10317460317460317 0.023809523809523808 0.023809523809523808 0.023809523809523808 0.007936507936507936 0.007936507936507936 0.007936507936507936 0.05555555555555555 0.10317460317460317 0.007936507936507936 0.007936507936507936 0.007936507936507936 0.007936507936507936 0.007936507936507936 0.007936507936507936 0.023809523809523808 0.007936507936507936 0.023809523809523808 0.023809523809523808 0.03968253968253968 0.03968253968253968 0.05555555555555555 0.007936507936507936 0.05555555555555555 0.007936507936507936 0.007936507936507936 0.21428571428571427 
0.3401639344262295 0.020491803278688523 0.012295081967213115 0.004098360655737705 0.045081967213114756 0.004098360655737705 0.020491803278688523 0.10245901639344263 0.028688524590163935 0.0860655737704918 0.004098360655737705 0.0860655737704918 0.004098360655737705 0.004098360655737705 0.012295081967213115 0.004098360655737705 0.004098360655737705 0.012295081967213115 0.05327868852459016 0.0942622950819672 0.004098360655737705 0.004098360655737705 0.004098360655737705 0.004098360655737705 0.004098360655737705 0.012295081967213115 0.004098360655737705 0.004098360655737705 0.004098360655737705 0.012295081967213115 
0.005050505050505051 0.015151515151515152 0.005050505050505051 0.005050505050505051 0.045454545454545456 0.025252525252525252 0.005050505050505051 0.005050505050505051 0.005050505050505051 0.005050505050505051 0.015151515151515152 0.08585858585858586 0.015151515151515152 0.025252525252525252 0.005050505050505051 0.015151515151515152 0.025252525252525252 0.015151515151515152 0.005050505050505051 0.005050505050505051 0.025252525252525252 0.005050505050505051 0.08585858585858586 0.025252525252525252 0.03535353535353535 0.05555555555555555 0.08585858585858586 0.005050505050505051 0.25757575757575757 0.08585858585858586 
0.0045045045045045045 0.0045045045045045045 0.013513513513513514 0.04954954954954955 0.03153153153153153 0.0045045045045045045 0.0045045045045045045 0.04954954954954955 0.0045045045045045045 0.013513513513513514 0.17567567567567569 0.05855855855855856 0.02252252252252252 0.03153153153153153 0.013513513513513514 0.03153153153153153 0.0045045045045045045 0.13963963963963963 0.0045045045045045045 0.0045045045045045045 0.013513513513513514 0.0045045045045045045 0.02252252252252252 0.013513513513513514 0.0045045045045045045 0.04954954954954955 0.0045045045045045045 0.1036036036036036 0.11261261261261261 0.0045045045045045045 
0.02736318407960199 0.0024875621890547263 0.007462686567164179 0.03731343283582089 0.05721393034825871 0.0024875621890547263 0.0024875621890547263 0.007462686567164179 0.007462686567164179 0.0024875621890547263 0.02736318407960199 0.05721393034825871 0.0024875621890547263 0.0024875621890547263 0.0024875621890547263 0.09203980099502487 0.007462686567164179 0.0024875621890547263 0.24129353233830847 0.012437810945273632 0.017412935323383085 0.0024875621890547263 0.012437810945273632 0.35074626865671643 0.0024875621890547263 0.0024875621890547263 0.0024875621890547263 0.0024875621890547263 0.0024875621890547263 0.0024875621890547263 
0.021739130434782608 0.036231884057971016 0.007246376811594203 0.007246376811594203 0.007246376811594203 0.007246376811594203 0.10869565217391304 0.007246376811594203 0.007246376811594203 0.036231884057971016 0.021739130434782608 0.18115942028985507 0.021739130434782608 0.16666666666666666 0.007246376811594203 0.007246376811594203 0.10869565217391304 0.021739130434782608 0.036231884057971016 0.007246376811594203 0.007246376811594203 0.021739130434782608 0.036231884057971016 0.007246376811594203 0.050724637681159424 0.007246376811594203 0.021739130434782608 0.007246376811594203 0.007246376811594203 0.007246376811594203 
0.0189873417721519 0.006329113924050633 0.03164556962025317 0.006329113924050633 0.04430379746835443 0.006329113924050633 0.0189873417721519 0.03164556962025317 0.006329113924050633 0.006329113924050633 0.06962025316455696 0.006329113924050633 0.04430379746835443 0.0189873417721519 0.0189873417721519 0.006329113924050633 0.006329113924050633 0.006329113924050633 0.0189873417721519 0.37341772151898733 0.006329113924050633 0.0189873417721519 0.006329113924050633 0.12025316455696203 0.006329113924050633 0.0189873417721519 0.0189873417721519 0.006329113924050633 0.04430379746835443 0.006329113924050633 
0.033783783783783786 0.033783783783783786 0.14189189189189189 0.006756756756756757 0.006756756756756757 0.07432432432432433 0.02027027027027027 0.033783783783783786 0.006756756756756757 0.006756756756756757 0.006756756756756757 0.006756756756756757 0.20945945945945946 0.02027027027027027 0.02027027027027027 0.033783783783783786 0.006756756756756757 0.033783783783783786 0.0472972972972973 0.006756756756756757 0.02027027027027027 0.0472972972972973 0.006756756756756757 0.006756756756756757 0.006756756756756757 0.08783783783783784 0.006756756756756757 0.0472972972972973 0.006756756756756757 0.006756756756756757 
0.039568345323741004 0.08273381294964029 0.0035971223021582736 0.03237410071942446 0.0035971223021582736 0.0035971223021582736 0.0035971223021582736 0.0035971223021582736 0.0035971223021582736 0.039568345323741004 0.017985611510791366 0.09712230215827339 0.44964028776978415 0.0035971223021582736 0.0035971223021582736 0.0035971223021582736 0.0035971223021582736 0.0035971223021582736 0.0035971223021582736 0.0035971223021582736 0.0683453237410072 0.0035971223021582736 0.0035971223021582736 0.0035971223021582736 0.01079136690647482 0.01079136690647482 0.017985611510791366 0.017985611510791366 0.0539568345323741 0.0035971223021582736 
0.004347826086956522 0.004347826086956522 0.013043478260869565 0.10869565217391304 0.06521739130434782 0.013043478260869565 0.004347826086956522 0.004347826086956522 0.004347826086956522 0.23043478260869565 0.021739130434782608 0.004347826086956522 0.05652173913043478 0.0391304347826087 0.021739130434782608 0.09130434782608696 0.004347826086956522 0.004347826086956522 0.004347826086956522 0.013043478260869565 0.021739130434782608 0.013043478260869565 0.15217391304347827 0.013043478260869565 0.030434782608695653 0.021739130434782608 0.004347826086956522 0.021739130434782608 0.004347826086956522 0.004347826086956522 
0.007936507936507936 0.007936507936507936 0.007936507936507936 0.05555555555555555 0.05555555555555555 0.007936507936507936 0.007936507936507936 0.03968253968253968 0.03968253968253968 0.007936507936507936 0.10317460317460317 0.007936507936507936 0.023809523809523808 0.007936507936507936 0.023809523809523808 0.007936507936507936 0.007936507936507936 0.023809523809523808 0.15079365079365079 0.23015873015873015 0.007936507936507936 0.007936507936507936 0.007936507936507936 0.007936507936507936 0.05555555555555555 0.007936507936507936 0.023809523809523808 0.007936507936507936 0.03968253968253968 0.007936507936507936 
0.026881720430107527 0.12365591397849462 0.016129032258064516 0.016129032258064516 0.005376344086021506 0.03763440860215054 0.016129032258064516 0.005376344086021506 0.005376344086021506 0.005376344086021506 0.0913978494623656 0.016129032258064516 0.005376344086021506 0.016129032258064516 0.005376344086021506 0.16666666666666666 0.016129032258064516 0.005376344086021506 0.016129032258064516 0.005376344086021506 0.005376344086021506 0.016129032258064516 0.05913978494623656 0.23118279569892472 0.026881720430107527 0.005376344086021506 0.016129032258064516 0.005376344086021506 0.005376344086021506 0.026881720430107527 
0.08333333333333333 0.03571428571428571 0.011904761904761904 0.05952380952380952 0.03571428571428571 0.03571428571428571 0.05952380952380952 0.011904761904761904 0.03571428571428571 0.011904761904761904 0.011904761904761904 0.011904761904761904 0.08333333333333333 0.10714285714285714 0.011904761904761904 0.011904761904761904 0.011904761904761904 0.011904761904761904 0.011904761904761904 0.011904761904761904 0.08333333333333333 0.011904761904761904 0.05952380952380952 0.03571428571428571 0.03571428571428571 0.011904761904761904 0.05952380952380952 0.011904761904761904 0.011904761904761904 0.011904761904761904 
0.022058823529411766 0.007352941176470588 0.007352941176470588 0.007352941176470588 0.03676470588235294 0.022058823529411766 0.007352941176470588 0.13970588235294118 0.007352941176470588 0.022058823529411766 0.007352941176470588 0.007352941176470588 0.007352941176470588 0.022058823529411766 0.007352941176470588 0.11029411764705882 0.007352941176470588 0.007352941176470588 0.022058823529411766 0.007352941176470588 0.007352941176470588 0.007352941176470588 0.051470588235294115 0.007352941176470588 0.08088235294117647 0.007352941176470588 0.3014705882352941 0.007352941176470588 0.007352941176470588 0.03676470588235294 
0.0049504950495049506 0.024752475247524754 0.0049504950495049506 0.034653465346534656 0.0049504950495049506 0.0049504950495049506 0.0049504950495049506 0.0049504950495049506 0.3910891089108911 0.024752475247524754 0.0049504950495049506 0.034653465346534656 0.024752475247524754 0.0049504950495049506 0.11386138613861387 0.06435643564356436 0.0049504950495049506 0.0049504950495049506 0.0049504950495049506 0.0049504950495049506 0.0049504950495049506 0.09405940594059406 0.024752475247524754 0.01485148514851485 0.01485148514851485 0.034653465346534656 0.0049504950495049506 0.01485148514851485 0.01485148514851485 0.0049504950495049506 
0.003703703703703704 0.003703703703703704 0.12962962962962962 0.040740740740740744 0.23333333333333334 0.018518518518518517 0.003703703703703704 0.003703703703703704 0.011111111111111112 0.003703703703703704 0.025925925925925925 0.025925925925925925 0.011111111111111112 0.040740740740740744 0.003703703703703704 0.011111111111111112 0.36666666666666664 0.003703703703703704 0.003703703703703704 0.003703703703703704 0.003703703703703704 0.003703703703703704 0.011111111111111112 0.003703703703703704 0.011111111111111112 0.003703703703703704 0.003703703703703704 0.003703703703703704 0.003703703703703704 0.003703703703703704 
0.043859649122807015 0.008771929824561403 0.008771929824561403 0.02631578947368421 0.02631578947368421 0.02631578947368421 0.008771929824561403 0.008771929824561403 0.16666666666666666 0.07894736842105263 0.06140350877192982 0.008771929824561403 0.008771929824561403 0.02631578947368421 0.008771929824561403 0.008771929824561403 0.008771929824561403 0.02631578947368421 0.02631578947368421 0.008771929824561403 0.043859649122807015 0.043859649122807015 0.043859649122807015 0.008771929824561403 0.008771929824561403 0.06140350877192982 0.008771929824561403 0.11403508771929824 0.06140350877192982 0.008771929824561403 
0.014285714285714285 0.07142857142857142 0.04285714285714286 0.014285714285714285 0.014285714285714285 0.014285714285714285 0.014285714285714285 0.014285714285714285 0.014285714285714285 0.014285714285714285 0.04285714285714286 0.21428571428571427 0.014285714285714285 0.04285714285714286 0.014285714285714285 0.04285714285714286 0.07142857142857142 0.014285714285714285 0.014285714285714285 0.014285714285714285 0.014285714285714285 0.014285714285714285 0.07142857142857142 0.014285714285714285 0.014285714285714285 0.1 0.014285714285714285 0.014285714285714285 0.014285714285714285 0.014285714285714285 
0.004424778761061947 0.030973451327433628 0.01327433628318584 0.004424778761061947 0.084070796460177 0.022123893805309734 0.022123893805309734 0.01327433628318584 0.004424778761061947 0.004424778761061947 0.03982300884955752 0.16371681415929204 0.01327433628318584 0.15486725663716813 0.01327433628318584 0.048672566371681415 0.004424778761061947 0.01327433628318584 0.004424778761061947 0.022123893805309734 0.022123893805309734 0.05752212389380531 0.06637168141592921 0.06637168141592921 0.01327433628318584 0.004424778761061947 0.06637168141592921 0.004424778761061947 0.004424778761061947 0.01327433628318584 
0.004201680672268907 0.0546218487394958 0.004201680672268907 0.037815126050420166 0.2815126050420168 0.004201680672268907 0.012605042016806723 0.02100840336134454 0.012605042016806723 0.07142857142857142 0.004201680672268907 0.0546218487394958 0.07983193277310924 0.22268907563025211 0.004201680672268907 0.004201680672268907 0.004201680672268907 0.004201680672268907 0.004201680672268907 0.004201680672268907 0.037815126050420166 0.004201680672268907 0.004201680672268907 0.02100840336134454 0.004201680672268907 0.004201680672268907 0.02100840336134454 0.004201680672268907 0.004201680672268907 0.004201680672268907 
