0.004807692307692308 0.052884615384615384 0.004807692307692308 0.004807692307692308 0.1201923076923077 0.014423076923076924 0.3894230769230769 0.04326923076923077 0.014423076923076924 0.004807692307692308 0.004807692307692308 0.004807692307692308 0.014423076923076924 0.03365384615384615 0.004807692307692308 0.04326923076923077 0.004807692307692308 0.004807692307692308 0.004807692307692308 0.004807692307692308 0.004807692307692308 0.004807692307692308 0.03365384615384615 0.004807692307692308 0.02403846153846154 0.07211538461538461 0.052884615384615384 0.004807692307692308 0.004807692307692308 0.014423076923076924 
0.008064516129032258 0.008064516129032258 0.024193548387096774 0.024193548387096774 0.008064516129032258 0.008064516129032258 0.008064516129032258 0.024193548387096774 0.008064516129032258 0.024193548387096774 0.04032258064516129 0.13709677419354838 0.008064516129032258 0.024193548387096774 0.04032258064516129 0.024193548387096774 0.024193548387096774 0.056451612903225805 0.008064516129032258 0.04032258064516129 0.08870967741935484 0.008064516129032258 0.21774193548387097 0.008064516129032258 0.008064516129032258 0.07258064516129033 0.008064516129032258 0.008064516129032258 0.008064516129032258 0.024193548387096774 
0.016483516483516484 0.005494505494505495 0.005494505494505495 0.038461538461538464 0.005494505494505495 0.038461538461538464 0.016483516483516484 0.005494505494505495 0.15934065934065933 0.07142857142857142 0.005494505494505495 0.016483516483516484 0.016483516483516484 0.005494505494505495 0.005494505494505495 0.005494505494505495 0.005494505494505495 0.07142857142857142 0.005494505494505495 0.21428571428571427 0.07142857142857142 0.005494505494505495 0.005494505494505495 0.027472527472527472 0.027472527472527472 0.005494505494505495 0.11538461538461539 0.005494505494505495 0.005494505494505495 0.016483516483516484 
0.021551724137931036 0.03879310344827586 0.01293103448275862 0.01293103448275862 0.08189655172413793 0.01293103448275862 0.01293103448275862 0.021551724137931036 0.004310344827586207 0.004310344827586207 0.01293103448275862 0.01293103448275862 0.004310344827586207 0.01293103448275862 0.06465517241379311 0.004310344827586207 0.004310344827586207 0.021551724137931036 0.004310344827586207 0.04741379310344827 0.1939655172413793 0.004310344827586207 0.01293103448275862 0.004310344827586207 0.021551724137931036 0.03879310344827586 0.01293103448275862 0.004310344827586207 0.004310344827586207 0.28879310344827586 
0.0043859649122807015 0.09210526315789473 0.0043859649122807015 0.0043859649122807015 0.039473684210526314 0.0043859649122807015 0.13596491228070176 0.013157894736842105 0.0043859649122807015 0.0043859649122807015 0.021929824561403508 0.07456140350877193 0.20614035087719298 0.0043859649122807015 0.0043859649122807015 0.31140350877192985 0.0043859649122807015 0.0043859649122807015 0.0043859649122807015 0.013157894736842105 0.0043859649122807015 0.0043859649122807015 0.0043859649122807015 0.0043859649122807015 0.0043859649122807015 0.0043859649122807015 0.0043859649122807015 0.0043859649122807015 0.0043859649122807015 0.0043859649122807015 
0.00819672131147541 0.02459016393442623 0.02459016393442623 0.02459016393442623 0.00819672131147541 0.10655737704918032 0.09016393442622951 0.00819672131147541 0.00819672131147541 0.00819672131147541 0.00819672131147541 0.00819672131147541 0.040983606557377046 0.00819672131147541 0.00819672131147541 0.02459016393442623 0.4180327868852459 0.00819672131147541 0.00819672131147541 0.00819672131147541 0.00819672131147541 0.040983606557377046 0.040983606557377046 0.00819672131147541 0.00819672131147541 0.00819672131147541 0.00819672131147541 0.00819672131147541 0.00819672131147541 0.00819672131147541 
0.005208333333333333 0.005208333333333333 0.005208333333333333 0.06770833333333333 0.057291666666666664 0.005208333333333333 0.015625 0.005208333333333333 0.057291666666666664 0.015625 0.015625 0.046875 0.296875 0.015625 0.005208333333333333 0.015625 0.005208333333333333 0.005208333333333333 0.005208333333333333 0.015625 0.015625 0.005208333333333333 0.005208333333333333 0.21354166666666666 0.005208333333333333 0.06770833333333333 0.005208333333333333 0.005208333333333333 0.005208333333333333 0.005208333333333333 
0.007575757575757576 0.05303030303030303 0.007575757575757576 0.007575757575757576 0.007575757575757576 0.007575757575757576 0.007575757575757576 0.007575757575757576 0.022727272727272728 0.007575757575757576 0.09848484848484848 0.022727272727272728 0.26515151515151514 0.007575757575757576 0.007575757575757576 0.022727272727272728 0.007575757575757576 0.022727272727272728 0.022727272727272728 0.06818181818181818 0.1590909090909091 0.007575757575757576 0.007575757575757576 0.022727272727272728 0.007575757575757576 0.007575757575757576 0.007575757575757576 0.007575757575757576 0.007575757575757576 0.08333333333333333 
0.029605263157894735 0.003289473684210526 0.009868421052631578 0.009868421052631578 0.023026315789473683 0.08881578947368421 0.3848684210526316 0.003289473684210526 0.009868421052631578 0.0756578947368421 0.009868421052631578 0.04276315789473684 0.003289473684210526 0.009868421052631578 0.009868421052631578 0.049342105263157895 0.01644736842105263 0.003289473684210526 0.009868421052631578 0.003289473684210526 0.003289473684210526 0.003289473684210526 0.12171052631578948 0.009868421052631578 0.003289473684210526 0.023026315789473683 0.009868421052631578 0.009868421052631578 0.003289473684210526 0.01644736842105263 
0.0211864406779661 0.012711864406779662 0.00423728813559322 0.029661016949152543 0.0635593220338983 0.00423728813559322 0.08050847457627118 0.3177966101694915 0.00423728813559322 0.09745762711864407 0.00423728813559322 0.012711864406779662 0.05508474576271186 0.00423728813559322 0.012711864406779662 0.012711864406779662 0.0211864406779661 0.00423728813559322 0.038135593220338986 0.012711864406779662 0.00423728813559322 0.00423728813559322 0.13983050847457626 0.012711864406779662 0.00423728813559322 0.00423728813559322 0.00423728813559322 0.00423728813559322 0.00423728813559322 0.00423728813559322 
0.006024096385542169 0.006024096385542169 0.006024096385542169 0.018072289156626505 0.006024096385542169 0.04216867469879518 0.006024096385542169 0.006024096385542169 0.006024096385542169 0.05421686746987952 0.006024096385542169 0.018072289156626505 0.018072289156626505 0.006024096385542169 0.3674698795180723 0.006024096385542169 0.0783132530120482 0.006024096385542169 0.006024096385542169 0.030120481927710843 0.006024096385542169 0.006024096385542169 0.030120481927710843 0.1746987951807229 0.006024096385542169 0.006024096385542169 0.030120481927710843 0.030120481927710843 0.006024096385542169 0.006024096385542169 
0.1377952755905512 0.051181102362204724 0.003937007874015748 0.07480314960629922 0.011811023622047244 0.32677165354330706 0.003937007874015748 0.05905511811023622 0.003937007874015748 0.003937007874015748 0.011811023622047244 0.003937007874015748 0.027559055118110236 0.011811023622047244 0.09055118110236221 0.03543307086614173 0.04330708661417323 0.01968503937007874 0.003937007874015748 0.003937007874015748 0.011811023622047244 0.011811023622047244 0.003937007874015748 0.003937007874015748 0.011811023622047244 0.003937007874015748 0.003937007874015748 0.003937007874015748 0.003937007874015748 0.011811023622047244 
0.006578947368421052 0.006578947368421052 0.006578947368421052 0.006578947368421052 0.006578947368421052 0.046052631578947366 0.21710526315789475 0.019736842105263157 0.006578947368421052 0.05921052631578947 0.006578947368421052 0.006578947368421052 0.006578947368421052 0.006578947368421052 0.1118421052631579 0.08552631578947369 0.07236842105263158 0.006578947368421052 0.006578947368421052 0.006578947368421052 0.125 0.006578947368421052 0.05921052631578947 0.006578947368421052 0.03289473684210526 0.03289473684210526 0.006578947368421052 0.006578947368421052 0.019736842105263157 0.006578947368421052 
0.0048543689320388345 0.014563106796116505 0.0048543689320388345 0.03398058252427184 0.0048543689320388345 0.0048543689320388345 0.15048543689320387 0.014563106796116505 0.014563106796116505 0.0048543689320388345 0.014563106796116505 0.0825242718446602 0.0825242718446602 0.0048543689320388345 0.15048543689320387 0.0048543689320388345 0.024271844660194174 0.0048543689320388345 0.014563106796116505 0.05339805825242718 0.0048543689320388345 0.0048543689320388345 0.18932038834951456 0.024271844660194174 0.014563106796116505 0.024271844660194174 0.014563106796116505 0.0048543689320388345 0.0048543689320388345 0.024271844660194174 
0.00909090909090909 0.00909090909090909 0.08181818181818182 0.00909090909090909 0.00909090909090909 0.00909090909090909 0.00909090909090909 0.02727272727272727 0.00909090909090909 0.02727272727272727 0.00909090909090909 0.00909090909090909 0.00909090909090909 0.00909090909090909 0.00909090909090909 0.02727272727272727 0.00909090909090909 0.00909090909090909 0.20909090909090908 0.00909090909090909 0.00909090909090909 0.11818181818181818 0.00909090909090909 0.00909090909090909 0.02727272727272727 0.06363636363636363 0.02727272727272727 0.20909090909090908 0.00909090909090909 0.00909090909090909 
0.015463917525773196 0.015463917525773196 0.005154639175257732 0.06701030927835051 0.015463917525773196 0.20103092783505155 0.03608247422680412 0.005154639175257732 0.02577319587628866 0.005154639175257732 0.005154639175257732 0.005154639175257732 0.005154639175257732 0.005154639175257732 0.23195876288659795 0.005154639175257732 0.005154639175257732 0.005154639175257732 0.005154639175257732 0.005154639175257732 0.005154639175257732 0.02577319587628866 0.11855670103092783 0.005154639175257732 0.005154639175257732 0.06701030927835051 0.05670103092783505 0.005154639175257732 0.015463917525773196 0.02577319587628866 
0.015625 0.036458333333333336 0.015625 0.005208333333333333 0.005208333333333333 0.005208333333333333 0.09895833333333333 0.19270833333333334 0.015625 0.036458333333333336 0.005208333333333333 0.005208333333333333 0.005208333333333333 0.005208333333333333 0.078125 0.026041666666666668 0.16145833333333334 0.005208333333333333 0.005208333333333333 0.005208333333333333 0.057291666666666664 0.005208333333333333 0.06770833333333333 0.005208333333333333 0.005208333333333333 0.046875 0.005208333333333333 0.046875 0.026041666666666668 0.005208333333333333 
0.01327433628318584 0.03982300884955752 0.004424778761061947 0.01327433628318584 0.030973451327433628 0.03982300884955752 0.0752212389380531 0.03982300884955752 0.030973451327433628 0.03982300884955752 0.004424778761061947 0.28761061946902655 0.004424778761061947 0.01327433628318584 0.022123893805309734 0.004424778761061947 0.004424778761061947 0.01327433628318584 0.030973451327433628 0.01327433628318584 0.01327433628318584 0.004424778761061947 0.10176991150442478 0.004424778761061947 0.05752212389380531 0.048672566371681415 0.01327433628318584 0.004424778761061947 0.01327433628318584 0.01327433628318584 
0.005813953488372093 0.3313953488372093 0.005813953488372093 0.029069767441860465 0.005813953488372093 0.19186046511627908 0.01744186046511628 0.005813953488372093 0.005813953488372093 0.01744186046511628 0.01744186046511628 0.09883720930232558 0.005813953488372093 0.01744186046511628 0.005813953488372093 0.06395348837209303 0.01744186046511628 0.005813953488372093 0.005813953488372093 0.005813953488372093 0.005813953488372093 0.005813953488372093 0.01744186046511628 0.005813953488372093 0.01744186046511628 0.01744186046511628 0.005813953488372093 0.01744186046511628 0.029069767441860465 0.01744186046511628 
0.02027027027027027 0.006756756756756757 0.02027027027027027 0.006756756756756757 0.006756756756756757 0.006756756756756757 0.07432432432432433 0.006756756756756757 0.18243243243243243 0.11486486486486487 0.006756756756756757 0.02027027027027027 0.033783783783783786 0.006756756756756757 0.02027027027027027 0.006756756756756757 0.006756756756756757 0.08783783783783784 0.006756756756756757 0.12837837837837837 0.02027027027027027 0.006756756756756757 0.006756756756756757 0.006756756756756757 0.006756756756756757 0.006756756756756757 0.10135135135135136 0.006756756756756757 0.0472972972972973 0.02027027027027027 
0.030434782608695653 0.013043478260869565 0.004347826086956522 0.004347826086956522 0.013043478260869565 0.013043478260869565 0.06521739130434782 0.013043478260869565 0.004347826086956522 0.1782608695652174 0.0391304347826087 0.013043478260869565 0.004347826086956522 0.10869565217391304 0.04782608695652174 0.004347826086956522 0.2565217391304348 0.004347826086956522 0.004347826086956522 0.030434782608695653 0.030434782608695653 0.013043478260869565 0.004347826086956522 0.021739130434782608 0.004347826086956522 0.004347826086956522 0.004347826086956522 0.013043478260869565 0.04782608695652174 0.004347826086956522 
0.008928571428571428 0.0625 0.008928571428571428 0.026785714285714284 0.008928571428571428 0.044642857142857144 0.008928571428571428 0.044642857142857144 0.008928571428571428 0.026785714285714284 0.026785714285714284 0.09821428571428571 0.026785714285714284 0.008928571428571428 0.008928571428571428 0.0625 0.008928571428571428 0.08035714285714286 0.008928571428571428 0.008928571428571428 0.044642857142857144 0.008928571428571428 0.044642857142857144 0.044642857142857144 0.08035714285714286 0.11607142857142858 0.044642857142857144 0.008928571428571428 0.008928571428571428 0.008928571428571428 
0.005555555555555556 0.016666666666666666 0.005555555555555556 0.016666666666666666 0.03888888888888889 0.027777777777777776 0.027777777777777776 0.005555555555555556 0.005555555555555556 0.005555555555555556 0.005555555555555556 0.005555555555555556 0.11666666666666667 0.005555555555555556 0.005555555555555556 0.03888888888888889 0.016666666666666666 0.027777777777777776 0.10555555555555556 0.03888888888888889 0.005555555555555556 0.005555555555555556 0.03888888888888889 0.16111111111111112 0.016666666666666666 0.08333333333333333 0.005555555555555556 0.005555555555555556 0.027777777777777776 0.12777777777777777 
0.004347826086956522 0.0391304347826087 0.030434782608695653 0.004347826086956522 0.013043478260869565 0.004347826086956522 0.004347826086956522 0.021739130434782608 0.004347826086956522 0.004347826086956522 0.004347826086956522 0.013043478260869565 0.013043478260869565 0.013043478260869565 0.11739130434782609 0.07391304347826087 0.021739130434782608 0.013043478260869565 0.05652173913043478 0.030434782608695653 0.021739130434782608 0.0391304347826087 0.030434782608695653 0.14347826086956522 0.004347826086956522 0.030434782608695653 0.04782608695652174 0.004347826086956522 0.16956521739130434 0.021739130434782608 
0.08208955223880597 0.007462686567164179 0.007462686567164179 0.022388059701492536 0.022388059701492536 0.022388059701492536 0.007462686567164179 0.007462686567164179 0.007462686567164179 0.007462686567164179 0.27611940298507465 0.007462686567164179 0.007462686567164179 0.007462686567164179 0.06716417910447761 0.08208955223880597 0.007462686567164179 0.007462686567164179 0.007462686567164179 0.007462686567164179 0.03731343283582089 0.08208955223880597 0.022388059701492536 0.007462686567164179 0.022388059701492536 0.03731343283582089 0.007462686567164179 0.007462686567164179 0.09701492537313433 0.007462686567164179 
0.006944444444444444 0.04861111111111111 0.006944444444444444 0.006944444444444444 0.020833333333333332 0.4236111111111111 0.006944444444444444 0.0625 0.006944444444444444 0.020833333333333332 0.006944444444444444 0.006944444444444444 0.034722222222222224 0.0625 0.006944444444444444 0.0625 0.006944444444444444 0.0625 0.006944444444444444 0.006944444444444444 0.020833333333333332 0.006944444444444444 0.020833333333333332 0.006944444444444444 0.020833333333333332 0.006944444444444444 0.006944444444444444 0.020833333333333332 0.006944444444444444 0.006944444444444444 
0.013392857142857142 0.013392857142857142 0.004464285714285714 0.05803571428571429 0.004464285714285714 0.004464285714285714 0.004464285714285714 0.004464285714285714 0.12053571428571429 0.013392857142857142 0.004464285714285714 0.004464285714285714 0.013392857142857142 0.004464285714285714 0.004464285714285714 0.013392857142857142 0.013392857142857142 0.004464285714285714 0.013392857142857142 0.022321428571428572 0.004464285714285714 0.34375 0.10267857142857142 0.004464285714285714 0.022321428571428572 0.004464285714285714 0.004464285714285714 0.15625 0.013392857142857142 0.004464285714285714 
0.011363636363636364 0.003787878787878788 0.125 0.003787878787878788 0.003787878787878788 0.003787878787878788 0.003787878787878788 0.011363636363636364 0.003787878787878788 0.003787878787878788 0.24621212121212122 0.003787878787878788 0.003787878787878788 0.01893939393939394 0.026515151515151516 0.056818181818181816 0.011363636363636364 0.01893939393939394 0.01893939393939394 0.003787878787878788 0.10984848484848485 0.003787878787878788 0.03409090909090909 0.003787878787878788 0.003787878787878788 0.011363636363636364 0.07954545454545454 0.10984848484848485 0.026515151515151516 0.03409090909090909 
0.018518518518518517 0.12962962962962962 0.018518518518518517 0.018518518518518517 0.05555555555555555 0.05555555555555555 0.018518518518518517 0.018518518518518517 0.018518518518518517 0.018518518518518517 0.018518518518518517 0.05555555555555555 0.018518518518518517 0.018518518518518517 0.018518518518518517 0.018518518518518517 0.16666666666666666 0.018518518518518517 0.018518518518518517 0.018518518518518517 0.018518518518518517 0.018518518518518517 0.018518518518518517 0.018518518518518517 0.018518518518518517 0.018518518518518517 0.05555555555555555 0.018518518518518517 0.018518518518518517 0.05555555555555555 
0.010714285714285714 0.0035714285714285713 0.0035714285714285713 0.125 0.010714285714285714 0.0035714285714285713 0.0035714285714285713 0.0035714285714285713 0.017857142857142856 0.0035714285714285713 0.039285714285714285 0.06785714285714285 0.0035714285714285713 0.0035714285714285713 0.11785714285714285 0.0035714285714285713 0.0035714285714285713 0.0035714285714285713 0.0035714285714285713 0.11071428571428571 0.0035714285714285713 0.0035714285714285713 0.010714285714285714 0.010714285714285714 0.03214285714285714 0.19642857142857142 0.017857142857142856 0.0035714285714285713 0.010714285714285714 0.16785714285714284 
0.2037037037037037 0.030864197530864196 0.006172839506172839 0.06790123456790123 0.006172839506172839 0.006172839506172839 0.006172839506172839 0.006172839506172839 0.043209876543209874 0.006172839506172839 0.006172839506172839 0.006172839506172839 0.018518518518518517 0.006172839506172839 0.30246913580246915 0.006172839506172839 0.006172839506172839 0.006172839506172839 0.05555555555555555 0.018518518518518517 0.006172839506172839 0.006172839506172839 0.006172839506172839 0.006172839506172839 0.006172839506172839 0.05555555555555555 0.006172839506172839 0.006172839506172839 0.043209876543209874 0.043209876543209874 
0.005 0.005 0.185 0.055 0.025 0.005 0.005 0.005 0.005 0.005 0.015 0.005 0.005 0.045 0.005 0.075 0.005 0.005 0.005 0.005 0.185 0.025 0.155 0.025 0.005 0.045 0.005 0.065 0.005 0.015 
0.006024096385542169 0.030120481927710843 0.0783132530120482 0.006024096385542169 0.018072289156626505 0.006024096385542169 0.006024096385542169 0.018072289156626505 0.0783132530120482 0.04216867469879518 0.006024096385542169 0.006024096385542169 0.006024096385542169 0.006024096385542169 0.006024096385542169 0.006024096385542169 0.006024096385542169 0.018072289156626505 0.04216867469879518 0.06626506024096386 0.018072289156626505 0.030120481927710843 0.04216867469879518 0.09036144578313253 0.030120481927710843 0.006024096385542169 0.030120481927710843 0.13855421686746988 0.13855421686746988 0.018072289156626505 
0.007142857142857143 0.1357142857142857 0.007142857142857143 0.05 0.03571428571428571 0.03571428571428571 0.007142857142857143 0.20714285714285716 0.02142857142857143 0.007142857142857143 0.007142857142857143 0.007142857142857143 0.007142857142857143 0.03571428571428571 0.02142857142857143 0.06428571428571428 0.02142857142857143 0.007142857142857143 0.007142857142857143 0.007142857142857143 0.007142857142857143 0.03571428571428571 0.007142857142857143 0.007142857142857143 0.007142857142857143 0.007142857142857143 0.007142857142857143 0.007142857142857143 0.17857142857142858 0.03571428571428571 
0.004166666666666667 0.32916666666666666 0.004166666666666667 0.020833333333333332 0.020833333333333332 0.0375 0.09583333333333334 0.004166666666666667 0.0125 0.029166666666666667 0.004166666666666667 0.004166666666666667 0.004166666666666667 0.004166666666666667 0.0125 0.004166666666666667 0.0125 0.0125 0.004166666666666667 0.004166666666666667 0.05416666666666667 0.004166666666666667 0.0125 0.004166666666666667 0.004166666666666667 0.25416666666666665 0.0125 0.004166666666666667 0.020833333333333332 0.004166666666666667 
0.004761904761904762 0.004761904761904762 0.004761904761904762 0.004761904761904762 0.014285714285714285 0.004761904761904762 0.04285714285714286 0.014285714285714285 0.04285714285714286 0.09047619047619047 0.023809523809523808 0.014285714285714285 0.014285714285714285 0.004761904761904762 0.004761904761904762 0.09047619047619047 0.023809523809523808 0.014285714285714285 0.2714285714285714 0.004761904761904762 0.004761904761904762 0.014285714285714285 0.004761904761904762 0.004761904761904762 0.19523809523809524 0.04285714285714286 0.004761904761904762 0.023809523809523808 0.004761904761904762 0.004761904761904762 
0.00625 0.00625 0.03125 0.01875 0.00625 0.01875 0.03125 0.00625 0.01875 0.04375 0.01875 0.01875 0.00625 0.03125 0.03125 0.03125 0.08125 0.04375 0.00625 0.04375 0.06875 0.08125 0.20625 0.00625 0.00625 0.00625 0.00625 0.00625 0.09375 0.01875 
0.005434782608695652 0.005434782608695652 0.20108695652173914 0.016304347826086956 0.005434782608695652 0.005434782608695652 0.005434782608695652 0.02717391304347826 0.005434782608695652 0.005434782608695652 0.005434782608695652 0.005434782608695652 0.005434782608695652 0.016304347826086956 0.08152173913043478 0.03804347826086957 0.005434782608695652 0.005434782608695652 0.125 0.005434782608695652 0.005434782608695652 0.005434782608695652 0.005434782608695652 0.02717391304347826 0.005434782608695652 0.07065217391304347 0.005434782608695652 0.005434782608695652 0.125 0.16847826086956522 
0.0472972972972973 0.02027027027027027 0.006756756756756757 0.006756756756756757 0.006756756756756757 0.006756756756756757 0.14189189189189189 0.02027027027027027 0.006756756756756757 0.02027027027027027 0.0472972972972973 0.006756756756756757 0.006756756756756757 0.033783783783783786 0.033783783783783786 0.02027027027027027 0.0472972972972973 0.006756756756756757 0.006756756756756757 0.006756756756756757 0.07432432432432433 0.006756756756756757 0.02027027027027027 0.060810810810810814 0.02027027027027027 0.060810810810810814 0.10135135135135136 0.14189189189189189 0.006756756756756757 0.006756756756756757 
0.005434782608695652 0.016304347826086956 0.33152173913043476 0.005434782608695652 0.005434782608695652 0.005434782608695652 0.005434782608695652 0.03804347826086957 0.03804347826086957 0.125 0.005434782608695652 0.016304347826086956 0.08152173913043478 0.005434782608695652 0.005434782608695652 0.04891304347826087 0.03804347826086957 0.02717391304347826 0.005434782608695652 0.005434782608695652 0.005434782608695652 0.005434782608695652 0.016304347826086956 0.08152173913043478 0.016304347826086956 0.02717391304347826 0.005434782608695652 0.005434782608695652 0.016304347826086956 0.005434782608695652 
0.08846153846153847 0.07307692307692308 0.026923076923076925 0.0038461538461538464 0.04230769230769231 0.011538461538461539 0.019230769230769232 0.0038461538461538464 0.011538461538461539 0.0038461538461538464 0.0038461538461538464 0.0038461538461538464 0.0038461538461538464 0.40384615384615385 0.07307692307692308 0.011538461538461539 0.0038461538461538464 0.0038461538461538464 0.0038461538461538464 0.0038461538461538464 0.0038461538461538464 0.0038461538461538464 0.04230769230769231 0.07307692307692308 0.026923076923076925 0.019230769230769232 0.0038461538461538464 0.011538461538461539 0.011538461538461539 0.0038461538461538464 
0.18831168831168832 0.006493506493506494 0.006493506493506494 0.01948051948051948 0.045454545454545456 0.006493506493506494 0.006493506493506494 0.006493506493506494 0.09740259740259741 0.006493506493506494 0.032467532467532464 0.006493506493506494 0.01948051948051948 0.01948051948051948 0.14935064935064934 0.006493506493506494 0.01948051948051948 0.006493506493506494 0.01948051948051948 0.045454545454545456 0.006493506493506494 0.006493506493506494 0.006493506493506494 0.006493506493506494 0.05844155844155844 0.006493506493506494 0.01948051948051948 0.14935064935064934 0.006493506493506494 0.01948051948051948 
0.004545454545454545 0.004545454545454545 0.022727272727272728 0.004545454545454545 0.05909090909090909 0.013636363636363636 0.07727272727272727 0.004545454545454545 0.013636363636363636 0.031818181818181815 0.004545454545454545 0.022727272727272728 0.022727272727272728 0.013636363636363636 0.5136363636363637 0.004545454545454545 0.04090909090909091 0.022727272727272728 0.004545454545454545 0.004545454545454545 0.004545454545454545 0.004545454545454545 0.013636363636363636 0.004545454545454545 0.022727272727272728 0.013636363636363636 0.004545454545454545 0.031818181818181815 0.004545454545454545 0.004545454545454545 
0.04032258064516129 0.008064516129032258 0.008064516129032258 0.04032258064516129 0.1693548387096774 0.13709677419354838 0.008064516129032258 0.008064516129032258 0.008064516129032258 0.008064516129032258 0.008064516129032258 0.1532258064516129 0.008064516129032258 0.008064516129032258 0.008064516129032258 0.13709677419354838 0.008064516129032258 0.024193548387096774 0.024193548387096774 0.04032258064516129 0.04032258064516129 0.008064516129032258 0.008064516129032258 0.008064516129032258 0.008064516129032258 0.024193548387096774 0.008064516129032258 0.008064516129032258 0.024193548387096774 0.008064516129032258 
0.004201680672268907 0.012605042016806723 0.06302521008403361 0.004201680672268907 0.06302521008403361 0.012605042016806723 0.012605042016806723 0.012605042016806723 0.004201680672268907 0.07142857142857142 0.004201680672268907 0.012605042016806723 0.037815126050420166 0.25630252100840334 0.10504201680672269 0.037815126050420166 0.004201680672268907 0.02100840336134454 0.004201680672268907 0.004201680672268907 0.07983193277310924 0.0546218487394958 0.02100840336134454 0.004201680672268907 0.037815126050420166 0.012605042016806723 0.029411764705882353 0.004201680672268907 0.004201680672268907 0.004201680672268907 
0.017241379310344827 0.43103448275862066 0.017241379310344827 0.14367816091954022 0.017241379310344827 0.005747126436781609 0.07471264367816093 0.005747126436781609 0.005747126436781609 0.005747126436781609 0.005747126436781609 0.005747126436781609 0.017241379310344827 0.005747126436781609 0.017241379310344827 0.028735632183908046 0.017241379310344827 0.005747126436781609 0.005747126436781609 0.005747126436781609 0.028735632183908046 0.005747126436781609 0.005747126436781609 0.005747126436781609 0.017241379310344827 0.005747126436781609 0.05172413793103448 0.017241379310344827 0.017241379310344827 0.005747126436781609 
0.05555555555555555 0.023809523809523808 0.007936507936507936 0.007936507936507936 0.03968253968253968 0.007936507936507936 0.11904761904761904 0.007936507936507936 0.007936507936507936 0.007936507936507936 0.07142857142857142 0.03968253968253968 0.023809523809523808 0.007936507936507936 0.03968253968253968 0.007936507936507936 0.023809523809523808 0.023809523809523808 0.007936507936507936 0.023809523809523808 0.007936507936507936 0.007936507936507936 0.007936507936507936 0.07142857142857142 0.0873015873015873 0.007936507936507936 0.007936507936507936 0.07142857142857142 0.007936507936507936 0.16666666666666666 
0.38934426229508196 0.004098360655737705 0.004098360655737705 0.036885245901639344 0.004098360655737705 0.004098360655737705 0.012295081967213115 0.004098360655737705 0.004098360655737705 0.06967213114754098 0.004098360655737705 0.11065573770491803 0.012295081967213115 0.012295081967213115 0.020491803278688523 0.020491803278688523 0.004098360655737705 0.0778688524590164 0.004098360655737705 0.11885245901639344 0.004098360655737705 0.004098360655737705 0.004098360655737705 0.004098360655737705 0.012295081967213115 0.004098360655737705 0.004098360655737705 0.012295081967213115 0.004098360655737705 0.028688524590163935 
0.005050505050505051 0.03535353535353535 0.005050505050505051 0.015151515151515152 0.005050505050505051 0.015151515151515152 0.08585858585858586 0.015151515151515152 0.005050505050505051 0.03535353535353535 0.015151515151515152 0.14646464646464646 0.005050505050505051 0.05555555555555555 0.005050505050505051 0.005050505050505051 0.06565656565656566 0.005050505050505051 0.005050505050505051 0.005050505050505051 0.025252525252525252 0.05555555555555555 0.08585858585858586 0.015151515151515152 0.03535353535353535 0.03535353535353535 0.045454545454545456 0.005050505050505051 0.08585858585858586 0.07575757575757576 
0.013513513513513514 0.0045045045045045045 0.0045045045045045045 0.04054054054054054 0.03153153153153153 0.0045045045045045045 0.0045045045045045045 0.06756756756756757 0.03153153153153153 0.08558558558558559 0.18468468468468469 0.04954954954954955 0.04954954954954955 0.04954954954954955 0.013513513513513514 0.0045045045045045045 0.0045045045045045045 0.08558558558558559 0.0045045045045045045 0.03153153153153153 0.013513513513513514 0.02252252252252252 0.04054054054054054 0.0045045045045045045 0.013513513513513514 0.013513513513513514 0.013513513513513514 0.0045045045045045045 0.1036036036036036 0.0045045045045045045 
0.007462686567164179 0.0024875621890547263 0.017412935323383085 0.017412935323383085 0.06716417910447761 0.0024875621890547263 0.0024875621890547263 0.0024875621890547263 0.0024875621890547263 0.0024875621890547263 0.0024875621890547263 0.017412935323383085 0.007462686567164179 0.007462686567164179 0.0024875621890547263 0.07213930348258707 0.0024875621890547263 0.0024875621890547263 0.236318407960199 0.02736318407960199 0.0024875621890547263 0.007462686567164179 0.04228855721393035 0.39054726368159204 0.0024875621890547263 0.022388059701492536 0.0024875621890547263 0.0024875621890547263 0.0024875621890547263 0.022388059701492536 
0.007246376811594203 0.007246376811594203 0.007246376811594203 0.007246376811594203 0.007246376811594203 0.007246376811594203 0.2536231884057971 0.06521739130434782 0.06521739130434782 0.050724637681159424 0.007246376811594203 0.13768115942028986 0.036231884057971016 0.06521739130434782 0.036231884057971016 0.007246376811594203 0.050724637681159424 0.007246376811594203 0.021739130434782608 0.021739130434782608 0.007246376811594203 0.007246376811594203 0.021739130434782608 0.021739130434782608 0.007246376811594203 0.007246376811594203 0.036231884057971016 0.007246376811594203 0.007246376811594203 0.007246376811594203 
0.006329113924050633 0.006329113924050633 0.03164556962025317 0.006329113924050633 0.006329113924050633 0.006329113924050633 0.006329113924050633 0.006329113924050633 0.006329113924050633 0.0189873417721519 0.006329113924050633 0.0189873417721519 0.0189873417721519 0.006329113924050633 0.006329113924050633 0.006329113924050633 0.006329113924050633 0.006329113924050633 0.006329113924050633 0.3987341772151899 0.0189873417721519 0.006329113924050633 0.006329113924050633 0.2088607594936709 0.06962025316455696 0.006329113924050633 0.006329113924050633 0.0189873417721519 0.06962025316455696 0.006329113924050633 
0.02027027027027027 0.033783783783783786 0.1554054054054054 0.006756756756756757 0.0472972972972973 0.033783783783783786 0.006756756756756757 0.060810810810810814 0.006756756756756757 0.006756756756756757 0.02027027027027027 0.006756756756756757 0.14189189189189189 0.02027027027027027 0.0472972972972973 0.006756756756756757 0.0472972972972973 0.006756756756756757 0.02027027027027027 0.006756756756756757 0.006756756756756757 0.0472972972972973 0.006756756756756757 0.006756756756756757 0.02027027027027027 0.11486486486486487 0.033783783783783786 0.0472972972972973 0.006756756756756757 0.006756756756756757 
0.01079136690647482 0.15467625899280577 0.01079136690647482 0.0539568345323741 0.0035971223021582736 0.0035971223021582736 0.0035971223021582736 0.0035971223021582736 0.0035971223021582736 0.039568345323741004 0.046762589928057555 0.08273381294964029 0.3776978417266187 0.0035971223021582736 0.0035971223021582736 0.0035971223021582736 0.0035971223021582736 0.0035971223021582736 0.0035971223021582736 0.0035971223021582736 0.01079136690647482 0.017985611510791366 0.0035971223021582736 0.0035971223021582736 0.0539568345323741 0.0035971223021582736 0.0035971223021582736 0.03237410071942446 0.046762589928057555 0.0035971223021582736 
0.013043478260869565 0.004347826086956522 0.013043478260869565 0.18695652173913044 0.0391304347826087 0.004347826086956522 0.004347826086956522 0.013043478260869565 0.021739130434782608 0.10869565217391304 0.004347826086956522 0.013043478260869565 0.013043478260869565 0.030434782608695653 0.04782608695652174 0.15217391304347827 0.004347826086956522 0.004347826086956522 0.013043478260869565 0.004347826086956522 0.004347826086956522 0.030434782608695653 0.16956521739130434 0.021739130434782608 0.04782608695652174 0.004347826086956522 0.004347826086956522 0.004347826086956522 0.004347826086956522 0.013043478260869565 
0.007936507936507936 0.023809523809523808 0.0873015873015873 0.023809523809523808 0.007936507936507936 0.007936507936507936 0.023809523809523808 0.007936507936507936 0.023809523809523808 0.023809523809523808 0.023809523809523808 0.023809523809523808 0.05555555555555555 0.007936507936507936 0.07142857142857142 0.07142857142857142 0.007936507936507936 0.023809523809523808 0.05555555555555555 0.15079365079365079 0.007936507936507936 0.007936507936507936 0.007936507936507936 0.05555555555555555 0.007936507936507936 0.007936507936507936 0.007936507936507936 0.023809523809523808 0.023809523809523808 0.11904761904761904 
0.005376344086021506 0.13440860215053763 0.005376344086021506 0.026881720430107527 0.005376344086021506 0.005376344086021506 0.005376344086021506 0.005376344086021506 0.005376344086021506 0.026881720430107527 0.12365591397849462 0.016129032258064516 0.005376344086021506 0.06989247311827956 0.005376344086021506 0.10215053763440861 0.016129032258064516 0.005376344086021506 0.016129032258064516 0.005376344086021506 0.016129032258064516 0.005376344086021506 0.005376344086021506 0.20967741935483872 0.016129032258064516 0.03763440860215054 0.005376344086021506 0.0913978494623656 0.005376344086021506 0.016129032258064516 
0.011904761904761904 0.03571428571428571 0.011904761904761904 0.05952380952380952 0.05952380952380952 0.011904761904761904 0.08333333333333333 0.011904761904761904 0.011904761904761904 0.011904761904761904 0.011904761904761904 0.011904761904761904 0.08333333333333333 0.15476190476190477 0.011904761904761904 0.03571428571428571 0.011904761904761904 0.011904761904761904 0.011904761904761904 0.011904761904761904 0.13095238095238096 0.011904761904761904 0.03571428571428571 0.011904761904761904 0.011904761904761904 0.011904761904761904 0.08333333333333333 0.011904761904761904 0.011904761904761904 0.011904761904761904 
0.03676470588235294 0.007352941176470588 0.022058823529411766 0.03676470588235294 0.022058823529411766 0.007352941176470588 0.007352941176470588 0.08088235294117647 0.03676470588235294 0.0661764705882353 0.007352941176470588 0.022058823529411766 0.022058823529411766 0.007352941176470588 0.007352941176470588 0.09558823529411764 0.007352941176470588 0.007352941176470588 0.007352941176470588 0.007352941176470588 0.007352941176470588 0.007352941176470588 0.022058823529411766 0.007352941176470588 0.022058823529411766 0.007352941176470588 0.3014705882352941 0.03676470588235294 0.022058823529411766 0.051470588235294115 
0.0049504950495049506 0.01485148514851485 0.0049504950495049506 0.0049504950495049506 0.034653465346534656 0.0049504950495049506 0.01485148514851485 0.0049504950495049506 0.4207920792079208 0.01485148514851485 0.01485148514851485 0.01485148514851485 0.0049504950495049506 0.0049504950495049506 0.12376237623762376 0.054455445544554455 0.0049504950495049506 0.0049504950495049506 0.01485148514851485 0.01485148514851485 0.0049504950495049506 0.054455445544554455 0.01485148514851485 0.024752475247524754 0.0049504950495049506 0.01485148514851485 0.0049504950495049506 0.024752475247524754 0.054455445544554455 0.01485148514851485 
0.003703703703703704 0.003703703703703704 0.11481481481481481 0.03333333333333333 0.2777777777777778 0.04814814814814815 0.003703703703703704 0.003703703703703704 0.003703703703703704 0.003703703703703704 0.018518518518518517 0.003703703703703704 0.003703703703703704 0.011111111111111112 0.003703703703703704 0.011111111111111112 0.3148148148148148 0.011111111111111112 0.003703703703703704 0.003703703703703704 0.05555555555555555 0.003703703703703704 0.025925925925925925 0.011111111111111112 0.003703703703703704 0.003703703703703704 0.003703703703703704 0.003703703703703704 0.003703703703703704 0.003703703703703704 
0.02631578947368421 0.02631578947368421 0.008771929824561403 0.008771929824561403 0.043859649122807015 0.008771929824561403 0.008771929824561403 0.008771929824561403 0.13157894736842105 0.008771929824561403 0.02631578947368421 0.02631578947368421 0.06140350877192982 0.008771929824561403 0.008771929824561403 0.008771929824561403 0.008771929824561403 0.008771929824561403 0.008771929824561403 0.02631578947368421 0.043859649122807015 0.043859649122807015 0.06140350877192982 0.008771929824561403 0.09649122807017543 0.043859649122807015 0.043859649122807015 0.09649122807017543 0.06140350877192982 0.02631578947368421 
0.014285714285714285 0.04285714285714286 0.014285714285714285 0.04285714285714286 0.04285714285714286 0.07142857142857142 0.014285714285714285 0.04285714285714286 0.014285714285714285 0.014285714285714285 0.014285714285714285 0.15714285714285714 0.014285714285714285 0.04285714285714286 0.014285714285714285 0.07142857142857142 0.04285714285714286 0.04285714285714286 0.014285714285714285 0.014285714285714285 0.04285714285714286 0.014285714285714285 0.04285714285714286 0.014285714285714285 0.014285714285714285 0.014285714285714285 0.07142857142857142 0.014285714285714285 0.014285714285714285 0.014285714285714285 
0.004424778761061947 0.004424778761061947 0.022123893805309734 0.01327433628318584 0.13716814159292035 0.01327433628318584 0.004424778761061947 0.004424778761061947 0.022123893805309734 0.004424778761061947 0.01327433628318584 0.14601769911504425 0.004424778761061947 0.18141592920353983 0.01327433628318584 0.0752212389380531 0.022123893805309734 0.004424778761061947 0.004424778761061947 0.004424778761061947 0.004424778761061947 0.030973451327433628 0.05752212389380531 0.022123893805309734 0.004424778761061947 0.01327433628318584 0.11946902654867257 0.030973451327433628 0.01327433628318584 0.004424778761061947 
0.029411764705882353 0.02100840336134454 0.004201680672268907 0.02100840336134454 0.28991596638655465 0.012605042016806723 0.004201680672268907 0.004201680672268907 0.004201680672268907 0.037815126050420166 0.004201680672268907 0.004201680672268907 0.046218487394957986 0.3319327731092437 0.004201680672268907 0.07983193277310924 0.012605042016806723 0.004201680672268907 0.004201680672268907 0.004201680672268907 0.004201680672268907 0.004201680672268907 0.004201680672268907 0.012605042016806723 0.02100840336134454 0.004201680672268907 0.004201680672268907 0.004201680672268907 0.012605042016806723 0.004201680672268907 
