0.004807692307692308 0.09134615384615384 0.004807692307692308 0.004807692307692308 0.052884615384615384 0.014423076923076924 0.39903846153846156 0.04326923076923077 0.004807692307692308 0.004807692307692308 0.004807692307692308 0.07211538461538461 0.004807692307692308 0.04326923076923077 0.004807692307692308 0.02403846153846154 0.02403846153846154 0.014423076923076924 0.004807692307692308 0.004807692307692308 0.014423076923076924 0.014423076923076924 0.014423076923076924 0.004807692307692308 0.004807692307692308 0.09134615384615384 0.004807692307692308 0.004807692307692308 0.004807692307692308 0.014423076923076924 
0.008064516129032258 0.008064516129032258 0.008064516129032258 0.024193548387096774 0.024193548387096774 0.024193548387096774 0.008064516129032258 0.008064516129032258 0.008064516129032258 0.008064516129032258 0.024193548387096774 0.10483870967741936 0.024193548387096774 0.04032258064516129 0.008064516129032258 0.008064516129032258 0.056451612903225805 0.024193548387096774 0.07258064516129033 0.024193548387096774 0.10483870967741936 0.008064516129032258 0.18548387096774194 0.024193548387096774 0.04032258064516129 0.056451612903225805 0.04032258064516129 0.008064516129032258 0.008064516129032258 0.008064516129032258 
0.005494505494505495 0.027472527472527472 0.005494505494505495 0.005494505494505495 0.005494505494505495 0.027472527472527472 0.016483516483516484 0.027472527472527472 0.15934065934065933 0.09340659340659341 0.005494505494505495 0.005494505494505495 0.005494505494505495 0.005494505494505495 0.005494505494505495 0.005494505494505495 0.005494505494505495 0.11538461538461539 0.005494505494505495 0.15934065934065933 0.04945054945054945 0.005494505494505495 0.038461538461538464 0.016483516483516484 0.005494505494505495 0.005494505494505495 0.14835164835164835 0.005494505494505495 0.016483516483516484 0.016483516483516484 
0.021551724137931036 0.04741379310344827 0.004310344827586207 0.004310344827586207 0.11637931034482758 0.004310344827586207 0.021551724137931036 0.004310344827586207 0.021551724137931036 0.004310344827586207 0.03879310344827586 0.01293103448275862 0.004310344827586207 0.01293103448275862 0.08189655172413793 0.004310344827586207 0.004310344827586207 0.03017241379310345 0.004310344827586207 0.021551724137931036 0.16810344827586207 0.004310344827586207 0.021551724137931036 0.021551724137931036 0.004310344827586207 0.11637931034482758 0.004310344827586207 0.004310344827586207 0.004310344827586207 0.1853448275862069 
0.0043859649122807015 0.039473684210526314 0.0043859649122807015 0.0043859649122807015 0.0043859649122807015 0.0043859649122807015 0.10964912280701754 0.021929824561403508 0.013157894736842105 0.0043859649122807015 0.021929824561403508 0.10087719298245613 0.17105263157894737 0.0043859649122807015 0.0043859649122807015 0.3201754385964912 0.0043859649122807015 0.0043859649122807015 0.0043859649122807015 0.0043859649122807015 0.021929824561403508 0.039473684210526314 0.0043859649122807015 0.0043859649122807015 0.013157894736842105 0.0043859649122807015 0.013157894736842105 0.021929824561403508 0.021929824561403508 0.0043859649122807015 
0.00819672131147541 0.00819672131147541 0.00819672131147541 0.00819672131147541 0.00819672131147541 0.13934426229508196 0.00819672131147541 0.02459016393442623 0.00819672131147541 0.00819672131147541 0.00819672131147541 0.00819672131147541 0.00819672131147541 0.02459016393442623 0.02459016393442623 0.02459016393442623 0.4180327868852459 0.00819672131147541 0.00819672131147541 0.02459016393442623 0.00819672131147541 0.040983606557377046 0.040983606557377046 0.02459016393442623 0.02459016393442623 0.040983606557377046 0.00819672131147541 0.00819672131147541 0.00819672131147541 0.00819672131147541 
0.015625 0.09895833333333333 0.026041666666666668 0.046875 0.005208333333333333 0.005208333333333333 0.005208333333333333 0.005208333333333333 0.036458333333333336 0.015625 0.026041666666666668 0.036458333333333336 0.2760416666666667 0.015625 0.015625 0.015625 0.005208333333333333 0.005208333333333333 0.015625 0.005208333333333333 0.036458333333333336 0.005208333333333333 0.005208333333333333 0.140625 0.005208333333333333 0.06770833333333333 0.015625 0.026041666666666668 0.015625 0.005208333333333333 
0.007575757575757576 0.03787878787878788 0.022727272727272728 0.03787878787878788 0.007575757575757576 0.007575757575757576 0.022727272727272728 0.007575757575757576 0.007575757575757576 0.007575757575757576 0.14393939393939395 0.007575757575757576 0.29545454545454547 0.007575757575757576 0.007575757575757576 0.007575757575757576 0.007575757575757576 0.022727272727272728 0.022727272727272728 0.03787878787878788 0.08333333333333333 0.007575757575757576 0.007575757575757576 0.007575757575757576 0.022727272727272728 0.007575757575757576 0.007575757575757576 0.007575757575757576 0.022727272727272728 0.09848484848484848 
0.009868421052631578 0.01644736842105263 0.023026315789473683 0.023026315789473683 0.009868421052631578 0.12828947368421054 0.3519736842105263 0.003289473684210526 0.03618421052631579 0.003289473684210526 0.01644736842105263 0.03618421052631579 0.0756578947368421 0.003289473684210526 0.009868421052631578 0.01644736842105263 0.003289473684210526 0.003289473684210526 0.009868421052631578 0.023026315789473683 0.009868421052631578 0.003289473684210526 0.12171052631578948 0.009868421052631578 0.003289473684210526 0.003289473684210526 0.003289473684210526 0.029605263157894735 0.003289473684210526 0.009868421052631578 
0.00423728813559322 0.05508474576271186 0.00423728813559322 0.00423728813559322 0.029661016949152543 0.029661016949152543 0.05508474576271186 0.2838983050847458 0.012711864406779662 0.09745762711864407 0.0211864406779661 0.05508474576271186 0.0635593220338983 0.00423728813559322 0.00423728813559322 0.00423728813559322 0.0635593220338983 0.012711864406779662 0.012711864406779662 0.0211864406779661 0.00423728813559322 0.00423728813559322 0.09745762711864407 0.00423728813559322 0.012711864406779662 0.012711864406779662 0.00423728813559322 0.00423728813559322 0.012711864406779662 0.00423728813559322 
0.030120481927710843 0.006024096385542169 0.006024096385542169 0.018072289156626505 0.006024096385542169 0.06626506024096386 0.018072289156626505 0.006024096385542169 0.006024096385542169 0.018072289156626505 0.006024096385542169 0.006024096385542169 0.030120481927710843 0.006024096385542169 0.29518072289156627 0.018072289156626505 0.04216867469879518 0.018072289156626505 0.006024096385542169 0.04216867469879518 0.006024096385542169 0.006024096385542169 0.06626506024096386 0.18674698795180722 0.006024096385542169 0.018072289156626505 0.04216867469879518 0.006024096385542169 0.006024096385542169 0.006024096385542169 
0.12992125984251968 0.051181102362204724 0.011811023622047244 0.027559055118110236 0.003937007874015748 0.3661417322834646 0.003937007874015748 0.05905511811023622 0.003937007874015748 0.03543307086614173 0.01968503937007874 0.01968503937007874 0.003937007874015748 0.011811023622047244 0.0984251968503937 0.05905511811023622 0.011811023622047244 0.003937007874015748 0.003937007874015748 0.003937007874015748 0.01968503937007874 0.003937007874015748 0.011811023622047244 0.003937007874015748 0.003937007874015748 0.011811023622047244 0.003937007874015748 0.003937007874015748 0.003937007874015748 0.003937007874015748 
0.019736842105263157 0.006578947368421052 0.006578947368421052 0.05921052631578947 0.006578947368421052 0.03289473684210526 0.13815789473684212 0.006578947368421052 0.006578947368421052 0.046052631578947366 0.006578947368421052 0.019736842105263157 0.019736842105263157 0.006578947368421052 0.07236842105263158 0.006578947368421052 0.13815789473684212 0.006578947368421052 0.006578947368421052 0.006578947368421052 0.08552631578947369 0.006578947368421052 0.006578947368421052 0.019736842105263157 0.125 0.09868421052631579 0.006578947368421052 0.006578947368421052 0.006578947368421052 0.019736842105263157 
0.0048543689320388345 0.024271844660194174 0.07281553398058252 0.05339805825242718 0.03398058252427184 0.014563106796116505 0.1407766990291262 0.014563106796116505 0.0048543689320388345 0.0048543689320388345 0.0048543689320388345 0.0048543689320388345 0.07281553398058252 0.0048543689320388345 0.2087378640776699 0.0048543689320388345 0.03398058252427184 0.014563106796116505 0.0048543689320388345 0.0048543689320388345 0.0825242718446602 0.0048543689320388345 0.10194174757281553 0.0048543689320388345 0.0048543689320388345 0.05339805825242718 0.0048543689320388345 0.0048543689320388345 0.0048543689320388345 0.0048543689320388345 
0.02727272727272727 0.00909090909090909 0.02727272727272727 0.00909090909090909 0.00909090909090909 0.00909090909090909 0.00909090909090909 0.00909090909090909 0.00909090909090909 0.02727272727272727 0.00909090909090909 0.00909090909090909 0.00909090909090909 0.00909090909090909 0.00909090909090909 0.00909090909090909 0.00909090909090909 0.00909090909090909 0.19090909090909092 0.00909090909090909 0.02727272727272727 0.1 0.045454545454545456 0.00909090909090909 0.00909090909090909 0.06363636363636363 0.02727272727272727 0.2818181818181818 0.00909090909090909 0.00909090909090909 
0.005154639175257732 0.04639175257731959 0.03608247422680412 0.02577319587628866 0.015463917525773196 0.20103092783505155 0.11855670103092783 0.005154639175257732 0.005154639175257732 0.005154639175257732 0.02577319587628866 0.005154639175257732 0.015463917525773196 0.005154639175257732 0.17010309278350516 0.005154639175257732 0.005154639175257732 0.005154639175257732 0.005154639175257732 0.005154639175257732 0.005154639175257732 0.005154639175257732 0.07731958762886598 0.005154639175257732 0.005154639175257732 0.0979381443298969 0.015463917525773196 0.04639175257731959 0.02577319587628866 0.005154639175257732 
0.015625 0.005208333333333333 0.005208333333333333 0.015625 0.046875 0.015625 0.026041666666666668 0.171875 0.005208333333333333 0.026041666666666668 0.005208333333333333 0.005208333333333333 0.005208333333333333 0.005208333333333333 0.036458333333333336 0.005208333333333333 0.265625 0.005208333333333333 0.005208333333333333 0.005208333333333333 0.057291666666666664 0.015625 0.036458333333333336 0.005208333333333333 0.005208333333333333 0.08854166666666667 0.015625 0.046875 0.026041666666666668 0.026041666666666668 
0.022123893805309734 0.01327433628318584 0.004424778761061947 0.030973451327433628 0.004424778761061947 0.022123893805309734 0.022123893805309734 0.022123893805309734 0.030973451327433628 0.0752212389380531 0.022123893805309734 0.3672566371681416 0.004424778761061947 0.01327433628318584 0.004424778761061947 0.004424778761061947 0.022123893805309734 0.004424778761061947 0.01327433628318584 0.004424778761061947 0.004424778761061947 0.01327433628318584 0.048672566371681415 0.022123893805309734 0.05752212389380531 0.084070796460177 0.004424778761061947 0.048672566371681415 0.004424778761061947 0.004424778761061947 
0.040697674418604654 0.2616279069767442 0.005813953488372093 0.040697674418604654 0.01744186046511628 0.1569767441860465 0.06395348837209303 0.01744186046511628 0.005813953488372093 0.01744186046511628 0.005813953488372093 0.05232558139534884 0.01744186046511628 0.005813953488372093 0.029069767441860465 0.040697674418604654 0.01744186046511628 0.005813953488372093 0.040697674418604654 0.005813953488372093 0.005813953488372093 0.005813953488372093 0.005813953488372093 0.01744186046511628 0.01744186046511628 0.040697674418604654 0.005813953488372093 0.005813953488372093 0.01744186046511628 0.029069767441860465 
0.006756756756756757 0.02027027027027027 0.02027027027027027 0.02027027027027027 0.006756756756756757 0.006756756756756757 0.006756756756756757 0.006756756756756757 0.18243243243243243 0.07432432432432433 0.006756756756756757 0.02027027027027027 0.033783783783783786 0.02027027027027027 0.006756756756756757 0.006756756756756757 0.006756756756756757 0.12837837837837837 0.006756756756756757 0.14189189189189189 0.006756756756756757 0.02027027027027027 0.02027027027027027 0.006756756756756757 0.006756756756756757 0.02027027027027027 0.1554054054054054 0.02027027027027027 0.006756756756756757 0.006756756756756757 
0.09130434782608696 0.004347826086956522 0.004347826086956522 0.004347826086956522 0.004347826086956522 0.004347826086956522 0.12608695652173912 0.030434782608695653 0.004347826086956522 0.14347826086956522 0.04782608695652174 0.021739130434782608 0.004347826086956522 0.11739130434782609 0.030434782608695653 0.004347826086956522 0.16956521739130434 0.004347826086956522 0.004347826086956522 0.030434782608695653 0.0391304347826087 0.021739130434782608 0.004347826086956522 0.013043478260869565 0.004347826086956522 0.004347826086956522 0.021739130434782608 0.004347826086956522 0.021739130434782608 0.013043478260869565 
0.044642857142857144 0.20535714285714285 0.008928571428571428 0.008928571428571428 0.008928571428571428 0.008928571428571428 0.026785714285714284 0.008928571428571428 0.026785714285714284 0.008928571428571428 0.008928571428571428 0.08035714285714286 0.008928571428571428 0.008928571428571428 0.026785714285714284 0.08035714285714286 0.0625 0.008928571428571428 0.008928571428571428 0.008928571428571428 0.008928571428571428 0.008928571428571428 0.026785714285714284 0.0625 0.008928571428571428 0.11607142857142858 0.08035714285714286 0.008928571428571428 0.008928571428571428 0.008928571428571428 
0.005555555555555556 0.005555555555555556 0.06111111111111111 0.016666666666666666 0.005555555555555556 0.005555555555555556 0.005555555555555556 0.027777777777777776 0.005555555555555556 0.005555555555555556 0.005555555555555556 0.005555555555555556 0.11666666666666667 0.005555555555555556 0.005555555555555556 0.016666666666666666 0.005555555555555556 0.03888888888888889 0.08333333333333333 0.07222222222222222 0.005555555555555556 0.005555555555555556 0.05 0.17222222222222222 0.005555555555555556 0.15 0.03888888888888889 0.005555555555555556 0.005555555555555556 0.06111111111111111 
0.004347826086956522 0.06521739130434782 0.013043478260869565 0.021739130434782608 0.004347826086956522 0.013043478260869565 0.004347826086956522 0.0391304347826087 0.021739130434782608 0.021739130434782608 0.013043478260869565 0.0391304347826087 0.004347826086956522 0.004347826086956522 0.11739130434782609 0.07391304347826087 0.004347826086956522 0.004347826086956522 0.04782608695652174 0.004347826086956522 0.030434782608695653 0.004347826086956522 0.004347826086956522 0.21304347826086956 0.004347826086956522 0.0391304347826087 0.004347826086956522 0.004347826086956522 0.13478260869565217 0.0391304347826087 
0.08208955223880597 0.022388059701492536 0.007462686567164179 0.007462686567164179 0.007462686567164179 0.007462686567164179 0.007462686567164179 0.007462686567164179 0.022388059701492536 0.007462686567164179 0.2462686567164179 0.007462686567164179 0.007462686567164179 0.007462686567164179 0.06716417910447761 0.11194029850746269 0.007462686567164179 0.007462686567164179 0.007462686567164179 0.007462686567164179 0.007462686567164179 0.08208955223880597 0.007462686567164179 0.007462686567164179 0.007462686567164179 0.03731343283582089 0.007462686567164179 0.03731343283582089 0.05223880597014925 0.09701492537313433 
0.006944444444444444 0.020833333333333332 0.006944444444444444 0.006944444444444444 0.006944444444444444 0.2986111111111111 0.006944444444444444 0.034722222222222224 0.006944444444444444 0.020833333333333332 0.006944444444444444 0.006944444444444444 0.0763888888888889 0.1597222222222222 0.006944444444444444 0.09027777777777778 0.006944444444444444 0.0763888888888889 0.006944444444444444 0.006944444444444444 0.034722222222222224 0.006944444444444444 0.020833333333333332 0.006944444444444444 0.006944444444444444 0.006944444444444444 0.034722222222222224 0.006944444444444444 0.006944444444444444 0.006944444444444444 
0.004464285714285714 0.03125 0.022321428571428572 0.004464285714285714 0.004464285714285714 0.004464285714285714 0.004464285714285714 0.022321428571428572 0.12946428571428573 0.07589285714285714 0.004464285714285714 0.004464285714285714 0.004464285714285714 0.004464285714285714 0.022321428571428572 0.03125 0.004464285714285714 0.004464285714285714 0.004464285714285714 0.004464285714285714 0.004464285714285714 0.20089285714285715 0.17410714285714285 0.004464285714285714 0.03125 0.004464285714285714 0.004464285714285714 0.15625 0.022321428571428572 0.004464285714285714 
0.07196969696969698 0.056818181818181816 0.10227272727272728 0.011363636363636364 0.003787878787878788 0.003787878787878788 0.011363636363636364 0.003787878787878788 0.003787878787878788 0.003787878787878788 0.17045454545454544 0.003787878787878788 0.011363636363636364 0.003787878787878788 0.026515151515151516 0.041666666666666664 0.011363636363636364 0.003787878787878788 0.003787878787878788 0.011363636363636364 0.0946969696969697 0.011363636363636364 0.026515151515151516 0.003787878787878788 0.026515151515151516 0.011363636363636364 0.041666666666666664 0.10227272727272728 0.003787878787878788 0.11742424242424243 
0.018518518518518517 0.09259259259259259 0.018518518518518517 0.018518518518518517 0.018518518518518517 0.05555555555555555 0.018518518518518517 0.018518518518518517 0.018518518518518517 0.018518518518518517 0.018518518518518517 0.018518518518518517 0.018518518518518517 0.018518518518518517 0.018518518518518517 0.018518518518518517 0.2037037037037037 0.018518518518518517 0.018518518518518517 0.018518518518518517 0.018518518518518517 0.018518518518518517 0.018518518518518517 0.018518518518518517 0.05555555555555555 0.05555555555555555 0.05555555555555555 0.018518518518518517 0.018518518518518517 0.05555555555555555 
0.05357142857142857 0.0035714285714285713 0.0035714285714285713 0.08928571428571429 0.0035714285714285713 0.0035714285714285713 0.010714285714285714 0.0035714285714285713 0.0035714285714285713 0.03214285714285714 0.025 0.08928571428571429 0.0035714285714285713 0.010714285714285714 0.09642857142857143 0.010714285714285714 0.0035714285714285713 0.0035714285714285713 0.025 0.08928571428571429 0.0035714285714285713 0.0035714285714285713 0.010714285714285714 0.0035714285714285713 0.08214285714285714 0.175 0.017857142857142856 0.010714285714285714 0.017857142857142856 0.11071428571428571 
0.24074074074074073 0.006172839506172839 0.006172839506172839 0.10493827160493827 0.006172839506172839 0.006172839506172839 0.006172839506172839 0.006172839506172839 0.08024691358024691 0.006172839506172839 0.018518518518518517 0.006172839506172839 0.018518518518518517 0.006172839506172839 0.16666666666666666 0.018518518518518517 0.006172839506172839 0.006172839506172839 0.10493827160493827 0.006172839506172839 0.006172839506172839 0.018518518518518517 0.030864197530864196 0.006172839506172839 0.006172839506172839 0.05555555555555555 0.018518518518518517 0.006172839506172839 0.018518518518518517 0.006172839506172839 
0.025 0.005 0.215 0.015 0.005 0.005 0.005 0.005 0.005 0.005 0.045 0.025 0.005 0.025 0.015 0.095 0.015 0.005 0.005 0.005 0.155 0.015 0.105 0.005 0.025 0.025 0.005 0.105 0.015 0.015 
0.05421686746987952 0.018072289156626505 0.018072289156626505 0.006024096385542169 0.018072289156626505 0.018072289156626505 0.006024096385542169 0.006024096385542169 0.10240963855421686 0.04216867469879518 0.006024096385542169 0.018072289156626505 0.006024096385542169 0.018072289156626505 0.006024096385542169 0.006024096385542169 0.006024096385542169 0.018072289156626505 0.10240963855421686 0.1144578313253012 0.030120481927710843 0.030120481927710843 0.006024096385542169 0.05421686746987952 0.006024096385542169 0.04216867469879518 0.006024096385542169 0.1144578313253012 0.1144578313253012 0.006024096385542169 
0.007142857142857143 0.07857142857142857 0.02142857142857143 0.007142857142857143 0.02142857142857143 0.007142857142857143 0.02142857142857143 0.20714285714285716 0.007142857142857143 0.03571428571428571 0.007142857142857143 0.007142857142857143 0.02142857142857143 0.007142857142857143 0.06428571428571428 0.02142857142857143 0.007142857142857143 0.007142857142857143 0.007142857142857143 0.007142857142857143 0.03571428571428571 0.007142857142857143 0.02142857142857143 0.02142857142857143 0.05 0.02142857142857143 0.007142857142857143 0.02142857142857143 0.17857142857142858 0.06428571428571428 
0.004166666666666667 0.3625 0.029166666666666667 0.020833333333333332 0.020833333333333332 0.0625 0.05416666666666667 0.004166666666666667 0.020833333333333332 0.004166666666666667 0.004166666666666667 0.004166666666666667 0.09583333333333334 0.0125 0.004166666666666667 0.0125 0.004166666666666667 0.004166666666666667 0.004166666666666667 0.004166666666666667 0.020833333333333332 0.004166666666666667 0.004166666666666667 0.029166666666666667 0.0125 0.17916666666666667 0.004166666666666667 0.004166666666666667 0.004166666666666667 0.004166666666666667 
0.03333333333333333 0.004761904761904762 0.004761904761904762 0.04285714285714286 0.004761904761904762 0.023809523809523808 0.004761904761904762 0.023809523809523808 0.05238095238095238 0.07142857142857142 0.004761904761904762 0.014285714285714285 0.004761904761904762 0.014285714285714285 0.004761904761904762 0.09047619047619047 0.05238095238095238 0.004761904761904762 0.18571428571428572 0.014285714285714285 0.014285714285714285 0.04285714285714286 0.004761904761904762 0.014285714285714285 0.22380952380952382 0.004761904761904762 0.004761904761904762 0.004761904761904762 0.014285714285714285 0.014285714285714285 
0.00625 0.00625 0.00625 0.00625 0.01875 0.00625 0.06875 0.00625 0.06875 0.00625 0.00625 0.05625 0.00625 0.10625 0.01875 0.00625 0.08125 0.00625 0.04375 0.03125 0.01875 0.01875 0.14375 0.00625 0.01875 0.00625 0.00625 0.03125 0.15625 0.03125 
0.005434782608695652 0.016304347826086956 0.19021739130434784 0.005434782608695652 0.016304347826086956 0.016304347826086956 0.005434782608695652 0.005434782608695652 0.005434782608695652 0.02717391304347826 0.02717391304347826 0.005434782608695652 0.005434782608695652 0.005434782608695652 0.125 0.04891304347826087 0.005434782608695652 0.016304347826086956 0.09239130434782608 0.016304347826086956 0.005434782608695652 0.016304347826086956 0.005434782608695652 0.059782608695652176 0.005434782608695652 0.005434782608695652 0.016304347826086956 0.005434782608695652 0.09239130434782608 0.14673913043478262 
0.033783783783783786 0.006756756756756757 0.006756756756756757 0.02027027027027027 0.006756756756756757 0.02027027027027027 0.20945945945945946 0.006756756756756757 0.006756756756756757 0.02027027027027027 0.02027027027027027 0.006756756756756757 0.02027027027027027 0.0472972972972973 0.0472972972972973 0.033783783783783786 0.060810810810810814 0.02027027027027027 0.006756756756756757 0.006756756756756757 0.006756756756756757 0.006756756756756757 0.006756756756756757 0.02027027027027027 0.060810810810810814 0.033783783783783786 0.10135135135135136 0.12837837837837837 0.006756756756756757 0.02027027027027027 
0.005434782608695652 0.005434782608695652 0.266304347826087 0.005434782608695652 0.005434782608695652 0.005434782608695652 0.02717391304347826 0.016304347826086956 0.005434782608695652 0.04891304347826087 0.005434782608695652 0.005434782608695652 0.15760869565217392 0.005434782608695652 0.005434782608695652 0.08152173913043478 0.005434782608695652 0.03804347826086957 0.016304347826086956 0.016304347826086956 0.005434782608695652 0.07065217391304347 0.09239130434782608 0.07065217391304347 0.005434782608695652 0.005434782608695652 0.005434782608695652 0.005434782608695652 0.005434782608695652 0.005434782608695652 
0.07307692307692308 0.057692307692307696 0.03461538461538462 0.0038461538461538464 0.0038461538461538464 0.026923076923076925 0.04230769230769231 0.0038461538461538464 0.0038461538461538464 0.0038461538461538464 0.0038461538461538464 0.0038461538461538464 0.011538461538461539 0.41923076923076924 0.07307692307692308 0.011538461538461539 0.019230769230769232 0.0038461538461538464 0.0038461538461538464 0.0038461538461538464 0.011538461538461539 0.019230769230769232 0.06538461538461539 0.06538461538461539 0.0038461538461538464 0.011538461538461539 0.0038461538461538464 0.0038461538461538464 0.0038461538461538464 0.0038461538461538464 
0.24025974025974026 0.006493506493506494 0.006493506493506494 0.006493506493506494 0.01948051948051948 0.006493506493506494 0.006493506493506494 0.006493506493506494 0.07142857142857142 0.006493506493506494 0.006493506493506494 0.006493506493506494 0.006493506493506494 0.006493506493506494 0.09740259740259741 0.05844155844155844 0.032467532467532464 0.006493506493506494 0.006493506493506494 0.01948051948051948 0.01948051948051948 0.09740259740259741 0.006493506493506494 0.006493506493506494 0.05844155844155844 0.006493506493506494 0.006493506493506494 0.14935064935064934 0.006493506493506494 0.01948051948051948 
0.004545454545454545 0.004545454545454545 0.004545454545454545 0.013636363636363636 0.05 0.004545454545454545 0.15 0.004545454545454545 0.004545454545454545 0.004545454545454545 0.013636363636363636 0.004545454545454545 0.022727272727272728 0.022727272727272728 0.45 0.004545454545454545 0.022727272727272728 0.004545454545454545 0.004545454545454545 0.004545454545454545 0.05909090909090909 0.004545454545454545 0.022727272727272728 0.004545454545454545 0.022727272727272728 0.06818181818181818 0.004545454545454545 0.004545454545454545 0.004545454545454545 0.004545454545454545 
0.04032258064516129 0.008064516129032258 0.008064516129032258 0.056451612903225805 0.1693548387096774 0.08870967741935484 0.008064516129032258 0.008064516129032258 0.008064516129032258 0.024193548387096774 0.008064516129032258 0.1693548387096774 0.008064516129032258 0.07258064516129033 0.008064516129032258 0.12096774193548387 0.008064516129032258 0.008064516129032258 0.008064516129032258 0.008064516129032258 0.008064516129032258 0.04032258064516129 0.008064516129032258 0.008064516129032258 0.008064516129032258 0.024193548387096774 0.008064516129032258 0.024193548387096774 0.008064516129032258 0.024193548387096774 
0.004201680672268907 0.004201680672268907 0.029411764705882353 0.012605042016806723 0.029411764705882353 0.004201680672268907 0.06302521008403361 0.02100840336134454 0.012605042016806723 0.037815126050420166 0.012605042016806723 0.012605042016806723 0.07983193277310924 0.24789915966386555 0.14705882352941177 0.08823529411764706 0.037815126050420166 0.004201680672268907 0.012605042016806723 0.004201680672268907 0.0546218487394958 0.012605042016806723 0.012605042016806723 0.004201680672268907 0.012605042016806723 0.004201680672268907 0.02100840336134454 0.004201680672268907 0.004201680672268907 0.004201680672268907 
0.005747126436781609 0.47701149425287354 0.005747126436781609 0.16666666666666666 0.005747126436781609 0.005747126436781609 0.005747126436781609 0.005747126436781609 0.005747126436781609 0.017241379310344827 0.005747126436781609 0.09770114942528736 0.017241379310344827 0.005747126436781609 0.017241379310344827 0.005747126436781609 0.005747126436781609 0.005747126436781609 0.005747126436781609 0.005747126436781609 0.05172413793103448 0.005747126436781609 0.017241379310344827 0.005747126436781609 0.005747126436781609 0.005747126436781609 0.005747126436781609 0.005747126436781609 0.017241379310344827 0.005747126436781609 
0.023809523809523808 0.023809523809523808 0.007936507936507936 0.05555555555555555 0.05555555555555555 0.023809523809523808 0.07142857142857142 0.007936507936507936 0.007936507936507936 0.007936507936507936 0.07142857142857142 0.05555555555555555 0.03968253968253968 0.007936507936507936 0.03968253968253968 0.007936507936507936 0.023809523809523808 0.007936507936507936 0.023809523809523808 0.007936507936507936 0.007936507936507936 0.023809523809523808 0.10317460317460317 0.007936507936507936 0.007936507936507936 0.007936507936507936 0.007936507936507936 0.007936507936507936 0.023809523809523808 0.23015873015873015 
0.3237704918032787 0.020491803278688523 0.028688524590163935 0.012295081967213115 0.06147540983606557 0.004098360655737705 0.012295081967213115 0.036885245901639344 0.020491803278688523 0.020491803278688523 0.004098360655737705 0.06967213114754098 0.004098360655737705 0.012295081967213115 0.020491803278688523 0.004098360655737705 0.012295081967213115 0.045081967213114756 0.020491803278688523 0.11885245901639344 0.020491803278688523 0.004098360655737705 0.045081967213114756 0.004098360655737705 0.036885245901639344 0.012295081967213115 0.004098360655737705 0.004098360655737705 0.004098360655737705 0.012295081967213115 
0.005050505050505051 0.005050505050505051 0.005050505050505051 0.005050505050505051 0.025252525252525252 0.005050505050505051 0.025252525252525252 0.005050505050505051 0.015151515151515152 0.005050505050505051 0.005050505050505051 0.05555555555555555 0.005050505050505051 0.025252525252525252 0.005050505050505051 0.005050505050505051 0.07575757575757576 0.005050505050505051 0.005050505050505051 0.005050505050505051 0.025252525252525252 0.025252525252525252 0.09595959595959595 0.17676767676767677 0.015151515151515152 0.015151515151515152 0.015151515151515152 0.005050505050505051 0.23737373737373738 0.09595959595959595 
0.013513513513513514 0.0045045045045045045 0.013513513513513514 0.04054054054054054 0.013513513513513514 0.0045045045045045045 0.02252252252252252 0.08558558558558559 0.04054054054054054 0.013513513513513514 0.24774774774774774 0.1036036036036036 0.013513513513513514 0.02252252252252252 0.013513513513513514 0.05855855855855856 0.013513513513513514 0.0945945945945946 0.0045045045045045045 0.05855855855855856 0.013513513513513514 0.0045045045045045045 0.02252252252252252 0.0045045045045045045 0.0045045045045045045 0.0045045045045045045 0.0045045045045045045 0.013513513513513514 0.02252252252252252 0.02252252252252252 
0.03731343283582089 0.0024875621890547263 0.022388059701492536 0.03731343283582089 0.10199004975124377 0.0024875621890547263 0.0024875621890547263 0.02736318407960199 0.0024875621890547263 0.03233830845771144 0.05721393034825871 0.017412935323383085 0.012437810945273632 0.0024875621890547263 0.007462686567164179 0.08208955223880597 0.0024875621890547263 0.0024875621890547263 0.20149253731343283 0.0024875621890547263 0.0024875621890547263 0.0024875621890547263 0.02736318407960199 0.26616915422885573 0.017412935323383085 0.017412935323383085 0.0024875621890547263 0.0024875621890547263 0.0024875621890547263 0.0024875621890547263 
0.036231884057971016 0.021739130434782608 0.007246376811594203 0.007246376811594203 0.007246376811594203 0.007246376811594203 0.18115942028985507 0.18115942028985507 0.007246376811594203 0.007246376811594203 0.021739130434782608 0.06521739130434782 0.007246376811594203 0.18115942028985507 0.007246376811594203 0.036231884057971016 0.036231884057971016 0.007246376811594203 0.007246376811594203 0.007246376811594203 0.007246376811594203 0.007246376811594203 0.007246376811594203 0.007246376811594203 0.021739130434782608 0.007246376811594203 0.06521739130434782 0.021739130434782608 0.007246376811594203 0.007246376811594203 
0.006329113924050633 0.006329113924050633 0.15822784810126583 0.0189873417721519 0.006329113924050633 0.0189873417721519 0.0189873417721519 0.006329113924050633 0.006329113924050633 0.08227848101265822 0.006329113924050633 0.03164556962025317 0.0189873417721519 0.006329113924050633 0.0189873417721519 0.006329113924050633 0.0189873417721519 0.006329113924050633 0.056962025316455694 0.33544303797468356 0.006329113924050633 0.006329113924050633 0.006329113924050633 0.03164556962025317 0.03164556962025317 0.0189873417721519 0.03164556962025317 0.006329113924050633 0.0189873417721519 0.006329113924050633 
0.0472972972972973 0.07432432432432433 0.1554054054054054 0.006756756756756757 0.006756756756756757 0.0472972972972973 0.006756756756756757 0.006756756756756757 0.006756756756756757 0.006756756756756757 0.006756756756756757 0.006756756756756757 0.22297297297297297 0.10135135135135136 0.006756756756756757 0.02027027027027027 0.006756756756756757 0.006756756756756757 0.02027027027027027 0.006756756756756757 0.006756756756756757 0.0472972972972973 0.006756756756756757 0.006756756756756757 0.006756756756756757 0.12837837837837837 0.006756756756756757 0.006756756756756757 0.006756756756756757 0.006756756756756757 
0.0035971223021582736 0.0035971223021582736 0.0035971223021582736 0.03237410071942446 0.01079136690647482 0.0035971223021582736 0.0035971223021582736 0.017985611510791366 0.0035971223021582736 0.03237410071942446 0.0035971223021582736 0.0035971223021582736 0.5143884892086331 0.0035971223021582736 0.017985611510791366 0.08273381294964029 0.0035971223021582736 0.0035971223021582736 0.0035971223021582736 0.0035971223021582736 0.0539568345323741 0.0035971223021582736 0.01079136690647482 0.01079136690647482 0.01079136690647482 0.017985611510791366 0.017985611510791366 0.039568345323741004 0.07553956834532374 0.0035971223021582736 
0.013043478260869565 0.004347826086956522 0.021739130434782608 0.0391304347826087 0.0391304347826087 0.013043478260869565 0.004347826086956522 0.004347826086956522 0.013043478260869565 0.15217391304347827 0.004347826086956522 0.004347826086956522 0.004347826086956522 0.021739130434782608 0.04782608695652174 0.2565217391304348 0.004347826086956522 0.004347826086956522 0.004347826086956522 0.004347826086956522 0.004347826086956522 0.030434782608695653 0.1608695652173913 0.004347826086956522 0.08260869565217391 0.004347826086956522 0.004347826086956522 0.030434782608695653 0.004347826086956522 0.013043478260869565 
0.11904761904761904 0.007936507936507936 0.007936507936507936 0.05555555555555555 0.023809523809523808 0.007936507936507936 0.007936507936507936 0.007936507936507936 0.05555555555555555 0.05555555555555555 0.05555555555555555 0.023809523809523808 0.023809523809523808 0.05555555555555555 0.007936507936507936 0.07142857142857142 0.007936507936507936 0.03968253968253968 0.03968253968253968 0.23015873015873015 0.007936507936507936 0.007936507936507936 0.007936507936507936 0.007936507936507936 0.007936507936507936 0.007936507936507936 0.023809523809523808 0.007936507936507936 0.007936507936507936 0.007936507936507936 
0.016129032258064516 0.11290322580645161 0.005376344086021506 0.026881720430107527 0.005376344086021506 0.005376344086021506 0.016129032258064516 0.005376344086021506 0.005376344086021506 0.0913978494623656 0.08064516129032258 0.005376344086021506 0.005376344086021506 0.005376344086021506 0.026881720430107527 0.13440860215053763 0.005376344086021506 0.005376344086021506 0.005376344086021506 0.005376344086021506 0.005376344086021506 0.005376344086021506 0.005376344086021506 0.2849462365591398 0.08064516129032258 0.026881720430107527 0.005376344086021506 0.005376344086021506 0.005376344086021506 0.005376344086021506 
0.011904761904761904 0.011904761904761904 0.011904761904761904 0.13095238095238096 0.011904761904761904 0.011904761904761904 0.011904761904761904 0.05952380952380952 0.03571428571428571 0.011904761904761904 0.03571428571428571 0.011904761904761904 0.03571428571428571 0.15476190476190477 0.011904761904761904 0.011904761904761904 0.08333333333333333 0.011904761904761904 0.011904761904761904 0.011904761904761904 0.10714285714285714 0.011904761904761904 0.011904761904761904 0.03571428571428571 0.05952380952380952 0.011904761904761904 0.03571428571428571 0.011904761904761904 0.011904761904761904 0.011904761904761904 
0.022058823529411766 0.03676470588235294 0.007352941176470588 0.007352941176470588 0.007352941176470588 0.007352941176470588 0.007352941176470588 0.0661764705882353 0.007352941176470588 0.007352941176470588 0.03676470588235294 0.022058823529411766 0.007352941176470588 0.007352941176470588 0.007352941176470588 0.125 0.051470588235294115 0.007352941176470588 0.007352941176470588 0.007352941176470588 0.007352941176470588 0.007352941176470588 0.007352941176470588 0.007352941176470588 0.007352941176470588 0.007352941176470588 0.40441176470588236 0.007352941176470588 0.007352941176470588 0.08088235294117647 
0.0049504950495049506 0.0049504950495049506 0.0049504950495049506 0.0049504950495049506 0.0049504950495049506 0.034653465346534656 0.0049504950495049506 0.0049504950495049506 0.4207920792079208 0.01485148514851485 0.0049504950495049506 0.01485148514851485 0.0049504950495049506 0.0049504950495049506 0.10396039603960396 0.07425742574257425 0.034653465346534656 0.0049504950495049506 0.0049504950495049506 0.0049504950495049506 0.01485148514851485 0.024752475247524754 0.0049504950495049506 0.034653465346534656 0.01485148514851485 0.034653465346534656 0.0049504950495049506 0.054455445544554455 0.01485148514851485 0.034653465346534656 
0.003703703703703704 0.011111111111111112 0.08518518518518518 0.040740740740740744 0.24814814814814815 0.03333333333333333 0.011111111111111112 0.011111111111111112 0.03333333333333333 0.003703703703703704 0.003703703703703704 0.003703703703703704 0.025925925925925925 0.025925925925925925 0.003703703703703704 0.003703703703703704 0.2851851851851852 0.003703703703703704 0.003703703703703704 0.003703703703703704 0.040740740740740744 0.003703703703703704 0.003703703703703704 0.04814814814814815 0.018518518518518517 0.011111111111111112 0.003703703703703704 0.018518518518518517 0.003703703703703704 0.003703703703703704 
0.043859649122807015 0.02631578947368421 0.008771929824561403 0.008771929824561403 0.043859649122807015 0.043859649122807015 0.008771929824561403 0.008771929824561403 0.18421052631578946 0.06140350877192982 0.06140350877192982 0.008771929824561403 0.02631578947368421 0.008771929824561403 0.008771929824561403 0.008771929824561403 0.008771929824561403 0.008771929824561403 0.008771929824561403 0.06140350877192982 0.008771929824561403 0.043859649122807015 0.043859649122807015 0.008771929824561403 0.008771929824561403 0.02631578947368421 0.008771929824561403 0.09649122807017543 0.09649122807017543 0.008771929824561403 
0.014285714285714285 0.014285714285714285 0.014285714285714285 0.014285714285714285 0.014285714285714285 0.014285714285714285 0.014285714285714285 0.014285714285714285 0.014285714285714285 0.04285714285714286 0.014285714285714285 0.18571428571428572 0.014285714285714285 0.04285714285714286 0.014285714285714285 0.014285714285714285 0.04285714285714286 0.014285714285714285 0.014285714285714285 0.014285714285714285 0.07142857142857142 0.014285714285714285 0.04285714285714286 0.014285714285714285 0.014285714285714285 0.21428571428571427 0.04285714285714286 0.014285714285714285 0.014285714285714285 0.014285714285714285 
0.004424778761061947 0.004424778761061947 0.004424778761061947 0.004424778761061947 0.10176991150442478 0.004424778761061947 0.01327433628318584 0.004424778761061947 0.03982300884955752 0.030973451327433628 0.03982300884955752 0.19911504424778761 0.004424778761061947 0.2079646017699115 0.01327433628318584 0.01327433628318584 0.048672566371681415 0.01327433628318584 0.004424778761061947 0.004424778761061947 0.01327433628318584 0.030973451327433628 0.022123893805309734 0.05752212389380531 0.01327433628318584 0.004424778761061947 0.084070796460177 0.004424778761061947 0.004424778761061947 0.004424778761061947 
0.004201680672268907 0.012605042016806723 0.004201680672268907 0.037815126050420166 0.18067226890756302 0.029411764705882353 0.004201680672268907 0.004201680672268907 0.004201680672268907 0.02100840336134454 0.004201680672268907 0.1134453781512605 0.06302521008403361 0.3235294117647059 0.004201680672268907 0.02100840336134454 0.02100840336134454 0.004201680672268907 0.037815126050420166 0.004201680672268907 0.004201680672268907 0.02100840336134454 0.004201680672268907 0.029411764705882353 0.004201680672268907 0.004201680672268907 0.012605042016806723 0.004201680672268907 0.004201680672268907 0.012605042016806723 
